4935
1.1364 	 1.1364 
89	90	1	0	
90	91	2	1	
91	92	3	2	
92	93	4	3	
93	94	5	4	
94	95	6	5	
95	96	7	6	
96	97	8	7	
97	98	9	8	
98	99	10	9	
99	100	11	10	
100	101	12	11	
101	102	13	12	
102	103	14	13	
103	104	15	14	
104	105	16	15	
105	106	17	16	
106	107	18	17	
107	108	19	18	
108	109	20	19	
109	110	21	20	
110	111	22	21	
111	112	23	22	
112	113	24	23	
113	114	25	24	
114	115	26	25	
115	116	27	26	
116	117	28	27	
117	118	29	28	
118	119	30	29	
119	120	31	30	
120	121	32	31	
121	122	33	32	
122	123	34	33	
123	124	35	34	
124	125	36	35	
125	126	37	36	
126	127	38	37	
127	128	39	38	
128	129	40	39	
129	130	41	40	
130	131	42	41	
131	132	43	42	
132	133	44	43	
133	134	45	44	
134	135	46	45	
135	136	47	46	
136	137	48	47	
137	138	49	48	
138	139	50	49	
139	140	51	50	
140	141	52	51	
141	142	53	52	
142	143	54	53	
143	144	55	54	
144	145	56	55	
145	146	57	56	
146	147	58	57	
147	148	59	58	
148	149	60	59	
149	150	61	60	
150	151	62	61	
151	152	63	62	
152	153	64	63	
153	154	65	64	
154	155	66	65	
155	156	67	66	
156	157	68	67	
157	158	69	68	
158	159	70	69	
159	160	71	70	
160	161	72	71	
161	162	73	72	
162	163	74	73	
163	164	75	74	
164	165	76	75	
165	166	77	76	
166	167	78	77	
167	168	79	78	
168	169	80	79	
169	170	81	80	
170	171	82	81	
171	172	83	82	
172	173	84	83	
173	174	85	84	
174	175	86	85	
175	176	87	86	
176	177	88	87	
178	179	90	89	
179	180	91	90	
180	181	92	91	
181	182	93	92	
182	183	94	93	
183	184	95	94	
184	185	96	95	
185	186	97	96	
186	187	98	97	
187	188	99	98	
188	189	100	99	
189	190	101	100	
190	191	102	101	
191	192	103	102	
192	193	104	103	
193	194	105	104	
194	195	106	105	
195	196	107	106	
196	197	108	107	
197	198	109	108	
198	199	110	109	
199	200	111	110	
200	201	112	111	
201	202	113	112	
202	203	114	113	
203	204	115	114	
204	205	116	115	
205	206	117	116	
206	207	118	117	
207	208	119	118	
208	209	120	119	
209	210	121	120	
210	211	122	121	
211	212	123	122	
212	213	124	123	
213	214	125	124	
214	215	126	125	
215	216	127	126	
216	217	128	127	
217	218	129	128	
218	219	130	129	
219	220	131	130	
220	221	132	131	
221	222	133	132	
222	223	134	133	
223	224	135	134	
224	225	136	135	
225	226	137	136	
226	227	138	137	
227	228	139	138	
228	229	140	139	
229	230	141	140	
230	231	142	141	
231	232	143	142	
232	233	144	143	
233	234	145	144	
234	235	146	145	
235	236	147	146	
236	237	148	147	
237	238	149	148	
238	239	150	149	
239	240	151	150	
240	241	152	151	
241	242	153	152	
242	243	154	153	
243	244	155	154	
244	245	156	155	
245	246	157	156	
246	247	158	157	
247	248	159	158	
248	249	160	159	
249	250	161	160	
250	251	162	161	
251	252	163	162	
252	253	164	163	
253	254	165	164	
254	255	166	165	
255	256	167	166	
256	257	168	167	
257	258	169	168	
258	259	170	169	
259	260	171	170	
260	261	172	171	
261	262	173	172	
262	263	174	173	
263	264	175	174	
264	265	176	175	
265	266	177	176	
267	268	179	178	
268	269	180	179	
269	270	181	180	
270	271	182	181	
271	272	183	182	
272	273	184	183	
273	274	185	184	
274	275	186	185	
275	276	187	186	
276	277	188	187	
277	278	189	188	
278	279	190	189	
279	280	191	190	
280	281	192	191	
281	282	193	192	
282	283	194	193	
283	284	195	194	
284	285	196	195	
285	286	197	196	
286	287	198	197	
287	288	199	198	
288	289	200	199	
289	290	201	200	
290	291	202	201	
291	292	203	202	
292	293	204	203	
293	294	205	204	
294	295	206	205	
295	296	207	206	
296	297	208	207	
297	298	209	208	
298	299	210	209	
299	300	211	210	
300	301	212	211	
301	302	213	212	
302	303	214	213	
303	304	215	214	
304	305	216	215	
305	306	217	216	
306	307	218	217	
307	308	219	218	
308	309	220	219	
309	310	221	220	
310	311	222	221	
311	312	223	222	
312	313	224	223	
313	314	225	224	
314	315	226	225	
315	316	227	226	
316	317	228	227	
317	318	229	228	
318	319	230	229	
319	320	231	230	
320	321	232	231	
321	322	233	232	
322	323	234	233	
323	324	235	234	
324	325	236	235	
325	326	237	236	
326	327	238	237	
327	328	239	238	
328	329	240	239	
329	330	241	240	
330	331	242	241	
331	332	243	242	
332	333	244	243	
333	334	245	244	
334	335	246	245	
335	336	247	246	
336	337	248	247	
337	338	249	248	
338	339	250	249	
339	340	251	250	
340	341	252	251	
341	342	253	252	
342	343	254	253	
343	344	255	254	
344	345	256	255	
345	346	257	256	
346	347	258	257	
347	348	259	258	
348	349	260	259	
349	350	261	260	
350	351	262	261	
351	352	263	262	
352	353	264	263	
353	354	265	264	
354	355	266	265	
356	357	268	267	
357	358	269	268	
358	359	270	269	
359	360	271	270	
360	361	272	271	
361	362	273	272	
362	363	274	273	
363	364	275	274	
364	365	276	275	
365	366	277	276	
366	367	278	277	
367	368	279	278	
368	369	280	279	
369	370	281	280	
370	371	282	281	
371	372	283	282	
372	373	284	283	
373	374	285	284	
374	375	286	285	
375	376	287	286	
376	377	288	287	
377	378	289	288	
378	379	290	289	
379	380	291	290	
380	381	292	291	
381	382	293	292	
382	383	294	293	
383	384	295	294	
384	385	296	295	
385	386	297	296	
386	387	298	297	
387	388	299	298	
388	389	300	299	
389	390	301	300	
390	391	302	301	
391	392	303	302	
392	393	304	303	
393	394	305	304	
394	395	306	305	
395	396	307	306	
396	397	308	307	
397	398	309	308	
398	399	310	309	
399	400	311	310	
400	401	312	311	
401	402	313	312	
402	403	314	313	
403	404	315	314	
404	405	316	315	
405	406	317	316	
406	407	318	317	
407	408	319	318	
408	409	320	319	
409	410	321	320	
410	411	322	321	
411	412	323	322	
412	413	324	323	
413	414	325	324	
414	415	326	325	
415	416	327	326	
416	417	328	327	
417	418	329	328	
418	419	330	329	
419	420	331	330	
420	421	332	331	
421	422	333	332	
422	423	334	333	
423	424	335	334	
424	425	336	335	
425	426	337	336	
426	427	338	337	
427	428	339	338	
428	429	340	339	
429	430	341	340	
430	431	342	341	
431	432	343	342	
432	433	344	343	
433	434	345	344	
434	435	346	345	
435	436	347	346	
436	437	348	347	
437	438	349	348	
438	439	350	349	
439	440	351	350	
440	441	352	351	
441	442	353	352	
442	443	354	353	
443	444	355	354	
445	446	357	356	
446	447	358	357	
447	448	359	358	
448	449	360	359	
449	450	361	360	
450	451	362	361	
451	452	363	362	
452	453	364	363	
453	454	365	364	
454	455	366	365	
455	456	367	366	
456	457	368	367	
457	458	369	368	
458	459	370	369	
459	460	371	370	
460	461	372	371	
461	462	373	372	
462	463	374	373	
463	464	375	374	
464	465	376	375	
465	466	377	376	
466	467	378	377	
467	468	379	378	
468	469	380	379	
469	470	381	380	
470	471	382	381	
471	472	383	382	
472	473	384	383	
473	474	385	384	
474	475	386	385	
475	476	387	386	
476	477	388	387	
477	478	389	388	
478	479	390	389	
479	480	391	390	
480	481	392	391	
481	482	393	392	
482	483	394	393	
483	484	395	394	
484	485	396	395	
485	486	397	396	
486	487	398	397	
487	488	399	398	
488	489	400	399	
489	490	401	400	
490	491	402	401	
491	492	403	402	
492	493	404	403	
493	494	405	404	
494	495	406	405	
495	496	407	406	
496	497	408	407	
497	498	409	408	
498	499	410	409	
499	500	411	410	
500	501	412	411	
501	502	413	412	
502	503	414	413	
503	504	415	414	
504	505	416	415	
505	506	417	416	
506	507	418	417	
507	508	419	418	
508	509	420	419	
509	510	421	420	
510	511	422	421	
511	512	423	422	
512	513	424	423	
513	514	425	424	
514	515	426	425	
515	516	427	426	
516	517	428	427	
517	518	429	428	
518	519	430	429	
519	520	431	430	
520	521	432	431	
521	522	433	432	
522	523	434	433	
523	524	435	434	
524	525	436	435	
525	526	437	436	
526	527	438	437	
527	528	439	438	
528	529	440	439	
529	530	441	440	
530	531	442	441	
531	532	443	442	
532	533	444	443	
534	535	446	445	
535	536	447	446	
536	537	448	447	
537	538	449	448	
538	539	450	449	
539	540	451	450	
540	541	452	451	
541	542	453	452	
542	543	454	453	
543	544	455	454	
544	545	456	455	
545	546	457	456	
546	547	458	457	
547	548	459	458	
548	549	460	459	
549	550	461	460	
550	551	462	461	
551	552	463	462	
552	553	464	463	
553	554	465	464	
554	555	466	465	
555	556	467	466	
556	557	468	467	
557	558	469	468	
558	559	470	469	
559	560	471	470	
560	561	472	471	
561	562	473	472	
562	563	474	473	
563	564	475	474	
564	565	476	475	
565	566	477	476	
566	567	478	477	
567	568	479	478	
568	569	480	479	
569	570	481	480	
570	571	482	481	
571	572	483	482	
572	573	484	483	
573	574	485	484	
574	575	486	485	
575	576	487	486	
576	577	488	487	
577	578	489	488	
578	579	490	489	
579	580	491	490	
580	581	492	491	
581	582	493	492	
582	583	494	493	
583	584	495	494	
584	585	496	495	
585	586	497	496	
586	587	498	497	
587	588	499	498	
588	589	500	499	
589	590	501	500	
590	591	502	501	
591	592	503	502	
592	593	504	503	
593	594	505	504	
594	595	506	505	
595	596	507	506	
596	597	508	507	
597	598	509	508	
598	599	510	509	
599	600	511	510	
600	601	512	511	
601	602	513	512	
602	603	514	513	
603	604	515	514	
604	605	516	515	
605	606	517	516	
606	607	518	517	
607	608	519	518	
608	609	520	519	
609	610	521	520	
610	611	522	521	
611	612	523	522	
612	613	524	523	
613	614	525	524	
614	615	526	525	
615	616	527	526	
616	617	528	527	
617	618	529	528	
618	619	530	529	
619	620	531	530	
620	621	532	531	
621	622	533	532	
623	624	535	534	
624	625	536	535	
625	626	537	536	
626	627	538	537	
627	628	539	538	
628	629	540	539	
629	630	541	540	
630	631	542	541	
631	632	543	542	
632	633	544	543	
633	634	545	544	
634	635	546	545	
635	636	547	546	
636	637	548	547	
637	638	549	548	
638	639	550	549	
639	640	551	550	
640	641	552	551	
641	642	553	552	
642	643	554	553	
643	644	555	554	
644	645	556	555	
645	646	557	556	
646	647	558	557	
647	648	559	558	
648	649	560	559	
649	650	561	560	
650	651	562	561	
651	652	563	562	
652	653	564	563	
653	654	565	564	
654	655	566	565	
655	656	567	566	
656	657	568	567	
657	658	569	568	
658	659	570	569	
659	660	571	570	
660	661	572	571	
661	662	573	572	
662	663	574	573	
663	664	575	574	
664	665	576	575	
665	666	577	576	
666	667	578	577	
667	668	579	578	
668	669	580	579	
669	670	581	580	
670	671	582	581	
671	672	583	582	
672	673	584	583	
673	674	585	584	
674	675	586	585	
675	676	587	586	
676	677	588	587	
677	678	589	588	
678	679	590	589	
679	680	591	590	
680	681	592	591	
681	682	593	592	
682	683	594	593	
683	684	595	594	
684	685	596	595	
685	686	597	596	
686	687	598	597	
687	688	599	598	
688	689	600	599	
689	690	601	600	
690	691	602	601	
691	692	603	602	
692	693	604	603	
693	694	605	604	
694	695	606	605	
695	696	607	606	
696	697	608	607	
697	698	609	608	
698	699	610	609	
699	700	611	610	
700	701	612	611	
701	702	613	612	
702	703	614	613	
703	704	615	614	
704	705	616	615	
705	706	617	616	
706	707	618	617	
707	708	619	618	
708	709	620	619	
709	710	621	620	
710	711	622	621	
712	713	624	623	
713	714	625	624	
714	715	626	625	
715	716	627	626	
716	717	628	627	
717	718	629	628	
718	719	630	629	
719	720	631	630	
720	721	632	631	
721	722	633	632	
722	723	634	633	
723	724	635	634	
724	725	636	635	
725	726	637	636	
726	727	638	637	
727	728	639	638	
728	729	640	639	
729	730	641	640	
730	731	642	641	
731	732	643	642	
732	733	644	643	
733	734	645	644	
734	735	646	645	
735	736	647	646	
736	737	648	647	
737	738	649	648	
738	739	650	649	
739	740	651	650	
740	741	652	651	
741	742	653	652	
742	743	654	653	
743	744	655	654	
744	745	656	655	
745	746	657	656	
746	747	658	657	
747	748	659	658	
748	749	660	659	
749	750	661	660	
750	751	662	661	
751	752	663	662	
752	753	664	663	
753	754	665	664	
754	755	666	665	
755	756	667	666	
756	757	668	667	
757	758	669	668	
758	759	670	669	
759	760	671	670	
760	761	672	671	
761	762	673	672	
762	763	674	673	
763	764	675	674	
764	765	676	675	
765	766	677	676	
766	767	678	677	
767	768	679	678	
768	769	680	679	
769	770	681	680	
770	771	682	681	
771	772	683	682	
772	773	684	683	
773	774	685	684	
774	775	686	685	
775	776	687	686	
776	777	688	687	
777	778	689	688	
778	779	690	689	
779	780	691	690	
780	781	692	691	
781	782	693	692	
782	783	694	693	
783	784	695	694	
784	785	696	695	
785	786	697	696	
786	787	698	697	
787	788	699	698	
788	789	700	699	
789	790	701	700	
790	791	702	701	
791	792	703	702	
792	793	704	703	
793	794	705	704	
794	795	706	705	
795	796	707	706	
796	797	708	707	
797	798	709	708	
798	799	710	709	
799	800	711	710	
801	802	713	712	
802	803	714	713	
803	804	715	714	
804	805	716	715	
805	806	717	716	
806	807	718	717	
807	808	719	718	
808	809	720	719	
809	810	721	720	
810	811	722	721	
811	812	723	722	
812	813	724	723	
813	814	725	724	
814	815	726	725	
815	816	727	726	
816	817	728	727	
817	818	729	728	
818	819	730	729	
819	820	731	730	
820	821	732	731	
821	822	733	732	
822	823	734	733	
823	824	735	734	
824	825	736	735	
825	826	737	736	
826	827	738	737	
827	828	739	738	
828	829	740	739	
829	830	741	740	
830	831	742	741	
831	832	743	742	
832	833	744	743	
833	834	745	744	
834	835	746	745	
835	836	747	746	
836	837	748	747	
837	838	749	748	
838	839	750	749	
839	840	751	750	
840	841	752	751	
841	842	753	752	
842	843	754	753	
843	844	755	754	
844	845	756	755	
845	846	757	756	
846	847	758	757	
847	848	759	758	
848	849	760	759	
849	850	761	760	
850	851	762	761	
851	852	763	762	
852	853	764	763	
853	854	765	764	
854	855	766	765	
855	856	767	766	
856	857	768	767	
857	858	769	768	
858	859	770	769	
859	860	771	770	
860	861	772	771	
861	862	773	772	
862	863	774	773	
863	864	775	774	
864	865	776	775	
865	866	777	776	
866	867	778	777	
867	868	779	778	
868	869	780	779	
869	870	781	780	
870	871	782	781	
871	872	783	782	
872	873	784	783	
873	874	785	784	
874	875	786	785	
875	876	787	786	
876	877	788	787	
877	878	789	788	
878	879	790	789	
879	880	791	790	
880	881	792	791	
881	882	793	792	
882	883	794	793	
883	884	795	794	
884	885	796	795	
885	886	797	796	
886	887	798	797	
887	888	799	798	
888	889	800	799	
890	891	802	801	
891	892	803	802	
892	893	804	803	
893	894	805	804	
894	895	806	805	
895	896	807	806	
896	897	808	807	
897	898	809	808	
898	899	810	809	
899	900	811	810	
900	901	812	811	
901	902	813	812	
902	903	814	813	
903	904	815	814	
904	905	816	815	
905	906	817	816	
906	907	818	817	
907	908	819	818	
908	909	820	819	
909	910	821	820	
910	911	822	821	
911	912	823	822	
912	913	824	823	
913	914	825	824	
914	915	826	825	
915	916	827	826	
916	917	828	827	
917	918	829	828	
918	919	830	829	
919	920	831	830	
920	921	832	831	
921	922	833	832	
922	923	834	833	
923	924	835	834	
924	925	836	835	
925	926	837	836	
926	927	838	837	
927	928	839	838	
928	929	840	839	
929	930	841	840	
930	931	842	841	
931	932	843	842	
932	933	844	843	
933	934	845	844	
934	935	846	845	
935	936	847	846	
936	937	848	847	
937	938	849	848	
938	939	850	849	
939	940	851	850	
940	941	852	851	
941	942	853	852	
942	943	854	853	
943	944	855	854	
944	945	856	855	
945	946	857	856	
946	947	858	857	
947	948	859	858	
948	949	860	859	
949	950	861	860	
950	951	862	861	
951	952	863	862	
952	953	864	863	
953	954	865	864	
954	955	866	865	
955	956	867	866	
956	957	868	867	
957	958	869	868	
958	959	870	869	
959	960	871	870	
960	961	872	871	
961	962	873	872	
962	963	874	873	
963	964	875	874	
964	965	876	875	
965	966	877	876	
966	967	878	877	
967	968	879	878	
968	969	880	879	
969	970	881	880	
970	971	882	881	
971	972	883	882	
972	973	884	883	
973	974	885	884	
974	975	886	885	
975	976	887	886	
976	977	888	887	
977	978	889	888	
979	980	891	890	
980	981	892	891	
981	982	893	892	
982	983	894	893	
983	984	895	894	
984	985	896	895	
985	986	897	896	
986	987	898	897	
987	988	899	898	
988	989	900	899	
989	990	901	900	
990	991	902	901	
991	992	903	902	
992	993	904	903	
993	994	905	904	
994	995	906	905	
995	996	907	906	
996	997	908	907	
997	998	909	908	
998	999	910	909	
999	1000	911	910	
1000	1001	912	911	
1001	1002	913	912	
1002	1003	914	913	
1003	1004	915	914	
1004	1005	916	915	
1005	1006	917	916	
1006	1007	918	917	
1007	1008	919	918	
1008	1009	920	919	
1009	1010	921	920	
1010	1011	922	921	
1011	1012	923	922	
1012	1013	924	923	
1013	1014	925	924	
1014	1015	926	925	
1015	1016	927	926	
1016	1017	928	927	
1017	1018	929	928	
1018	1019	930	929	
1019	1020	931	930	
1020	1021	932	931	
1021	1022	933	932	
1022	1023	934	933	
1023	1024	935	934	
1024	1025	936	935	
1025	1026	937	936	
1026	1027	938	937	
1027	1028	939	938	
1028	1029	940	939	
1029	1030	941	940	
1030	1031	942	941	
1031	1032	943	942	
1032	1033	944	943	
1033	1034	945	944	
1034	1035	946	945	
1035	1036	947	946	
1036	1037	948	947	
1037	1038	949	948	
1038	1039	950	949	
1039	1040	951	950	
1040	1041	952	951	
1041	1042	953	952	
1042	1043	954	953	
1043	1044	955	954	
1044	1045	956	955	
1045	1046	957	956	
1046	1047	958	957	
1047	1048	959	958	
1048	1049	960	959	
1049	1050	961	960	
1050	1051	962	961	
1051	1052	963	962	
1052	1053	964	963	
1053	1054	965	964	
1054	1055	966	965	
1055	1056	967	966	
1056	1057	968	967	
1057	1058	969	968	
1058	1059	970	969	
1059	1060	971	970	
1060	1061	972	971	
1061	1062	973	972	
1062	1063	974	973	
1063	1064	975	974	
1064	1065	976	975	
1065	1066	977	976	
1066	1067	978	977	
1068	1069	980	979	
1069	1070	981	980	
1070	1071	982	981	
1071	1072	983	982	
1072	1073	984	983	
1073	1074	985	984	
1074	1075	986	985	
1075	1076	987	986	
1076	1077	988	987	
1077	1078	989	988	
1078	1079	990	989	
1079	1080	991	990	
1080	1081	992	991	
1081	1082	993	992	
1082	1083	994	993	
1083	1084	995	994	
1084	1085	996	995	
1085	1086	997	996	
1086	1087	998	997	
1087	1088	999	998	
1088	1089	1000	999	
1089	1090	1001	1000	
1090	1091	1002	1001	
1091	1092	1003	1002	
1092	1093	1004	1003	
1093	1094	1005	1004	
1094	1095	1006	1005	
1095	1096	1007	1006	
1096	1097	1008	1007	
1097	1098	1009	1008	
1098	1099	1010	1009	
1099	1100	1011	1010	
1100	1101	1012	1011	
1101	1102	1013	1012	
1102	1103	1014	1013	
1103	1104	1015	1014	
1104	1105	1016	1015	
1105	1106	1017	1016	
1106	1107	1018	1017	
1107	1108	1019	1018	
1108	1109	1020	1019	
1109	1110	1021	1020	
1110	1111	1022	1021	
1111	1112	1023	1022	
1112	1113	1024	1023	
1113	1114	1025	1024	
1114	1115	1026	1025	
1115	1116	1027	1026	
1116	1117	1028	1027	
1117	1118	1029	1028	
1118	1119	1030	1029	
1119	1120	1031	1030	
1120	1121	1032	1031	
1121	1122	1033	1032	
1122	1123	1034	1033	
1123	1124	1035	1034	
1124	1125	1036	1035	
1125	1126	1037	1036	
1126	1127	1038	1037	
1127	1128	1039	1038	
1128	1129	1040	1039	
1129	1130	1041	1040	
1130	1131	1042	1041	
1131	1132	1043	1042	
1132	1133	1044	1043	
1133	1134	1045	1044	
1134	1135	1046	1045	
1135	1136	1047	1046	
1136	1137	1048	1047	
1137	1138	1049	1048	
1138	1139	1050	1049	
1139	1140	1051	1050	
1140	1141	1052	1051	
1141	1142	1053	1052	
1142	1143	1054	1053	
1143	1144	1055	1054	
1144	1145	1056	1055	
1145	1146	1057	1056	
1146	1147	1058	1057	
1147	1148	1059	1058	
1148	1149	1060	1059	
1149	1150	1061	1060	
1150	1151	1062	1061	
1151	1152	1063	1062	
1152	1153	1064	1063	
1153	1154	1065	1064	
1154	1155	1066	1065	
1155	1156	1067	1066	
1157	1158	1069	1068	
1158	1159	1070	1069	
1159	1160	1071	1070	
1160	1161	1072	1071	
1161	1162	1073	1072	
1162	1163	1074	1073	
1163	1164	1075	1074	
1164	1165	1076	1075	
1165	1166	1077	1076	
1166	1167	1078	1077	
1167	1168	1079	1078	
1168	1169	1080	1079	
1169	1170	1081	1080	
1170	1171	1082	1081	
1171	1172	1083	1082	
1172	1173	1084	1083	
1173	1174	1085	1084	
1174	1175	1086	1085	
1175	1176	1087	1086	
1176	1177	1088	1087	
1177	1178	1089	1088	
1178	1179	1090	1089	
1179	1180	1091	1090	
1180	1181	1092	1091	
1181	1182	1093	1092	
1182	1183	1094	1093	
1183	1184	1095	1094	
1184	1185	1096	1095	
1185	1186	1097	1096	
1186	1187	1098	1097	
1187	1188	1099	1098	
1188	1189	1100	1099	
1189	1190	1101	1100	
1190	1191	1102	1101	
1191	1192	1103	1102	
1192	1193	1104	1103	
1193	1194	1105	1104	
1194	1195	1106	1105	
1195	1196	1107	1106	
1196	1197	1108	1107	
1197	1198	1109	1108	
1198	1199	1110	1109	
1199	1200	1111	1110	
1200	1201	1112	1111	
1201	1202	1113	1112	
1202	1203	1114	1113	
1203	1204	1115	1114	
1204	1205	1116	1115	
1205	1206	1117	1116	
1206	1207	1118	1117	
1207	1208	1119	1118	
1208	1209	1120	1119	
1209	1210	1121	1120	
1210	1211	1122	1121	
1211	1212	1123	1122	
1212	1213	1124	1123	
1213	1214	1125	1124	
1214	1215	1126	1125	
1215	1216	1127	1126	
1216	1217	1128	1127	
1217	1218	1129	1128	
1218	1219	1130	1129	
1219	1220	1131	1130	
1220	1221	1132	1131	
1221	1222	1133	1132	
1222	1223	1134	1133	
1223	1224	1135	1134	
1224	1225	1136	1135	
1225	1226	1137	1136	
1226	1227	1138	1137	
1227	1228	1139	1138	
1228	1229	1140	1139	
1229	1230	1141	1140	
1230	1231	1142	1141	
1231	1232	1143	1142	
1232	1233	1144	1143	
1233	1234	1145	1144	
1234	1235	1146	1145	
1235	1236	1147	1146	
1236	1237	1148	1147	
1237	1238	1149	1148	
1238	1239	1150	1149	
1239	1240	1151	1150	
1240	1241	1152	1151	
1241	1242	1153	1152	
1242	1243	1154	1153	
1243	1244	1155	1154	
1244	1245	1156	1155	
1246	1247	1158	1157	
1247	1248	1159	1158	
1248	1249	1160	1159	
1249	1250	1161	1160	
1250	1251	1162	1161	
1251	1252	1163	1162	
1252	1253	1164	1163	
1253	1254	1165	1164	
1254	1255	1166	1165	
1255	1256	1167	1166	
1256	1257	1168	1167	
1257	1258	1169	1168	
1258	1259	1170	1169	
1259	1260	1171	1170	
1260	1261	1172	1171	
1261	1262	1173	1172	
1262	1263	1174	1173	
1263	1264	1175	1174	
1264	1265	1176	1175	
1265	1266	1177	1176	
1266	1267	1178	1177	
1267	1268	1179	1178	
1268	1269	1180	1179	
1269	1270	1181	1180	
1270	1271	1182	1181	
1271	1272	1183	1182	
1272	1273	1184	1183	
1273	1274	1185	1184	
1274	1275	1186	1185	
1275	1276	1187	1186	
1276	1277	1188	1187	
1277	1278	1189	1188	
1278	1279	1190	1189	
1279	1280	1191	1190	
1280	1281	1192	1191	
1281	1282	1193	1192	
1282	1283	1194	1193	
1283	1284	1195	1194	
1284	1285	1196	1195	
1285	1286	1197	1196	
1286	1287	1198	1197	
1287	1288	1199	1198	
1288	1289	1200	1199	
1289	1290	1201	1200	
1290	1291	1202	1201	
1291	1292	1203	1202	
1292	1293	1204	1203	
1293	1294	1205	1204	
1294	1295	1206	1205	
1295	1296	1207	1206	
1296	1297	1208	1207	
1297	1298	1209	1208	
1298	1299	1210	1209	
1299	1300	1211	1210	
1300	1301	1212	1211	
1301	1302	1213	1212	
1302	1303	1214	1213	
1303	1304	1215	1214	
1304	1305	1216	1215	
1305	1306	1217	1216	
1306	1307	1218	1217	
1307	1308	1219	1218	
1308	1309	1220	1219	
1309	1310	1221	1220	
1310	1311	1222	1221	
1311	1312	1223	1222	
1312	1313	1224	1223	
1313	1314	1225	1224	
1314	1315	1226	1225	
1315	1316	1227	1226	
1316	1317	1228	1227	
1317	1318	1229	1228	
1318	1319	1230	1229	
1319	1320	1231	1230	
1320	1321	1232	1231	
1321	1322	1233	1232	
1322	1323	1234	1233	
1323	1324	1235	1234	
1324	1325	1236	1235	
1325	1326	1237	1236	
1326	1327	1238	1237	
1327	1328	1239	1238	
1328	1329	1240	1239	
1329	1330	1241	1240	
1330	1331	1242	1241	
1331	1332	1243	1242	
1332	1333	1244	1243	
1333	1334	1245	1244	
1335	1336	1247	1246	
1336	1337	1248	1247	
1337	1338	1249	1248	
1338	1339	1250	1249	
1339	1340	1251	1250	
1340	1341	1252	1251	
1341	1342	1253	1252	
1342	1343	1254	1253	
1343	1344	1255	1254	
1344	1345	1256	1255	
1345	1346	1257	1256	
1346	1347	1258	1257	
1347	1348	1259	1258	
1348	1349	1260	1259	
1349	1350	1261	1260	
1350	1351	1262	1261	
1351	1352	1263	1262	
1352	1353	1264	1263	
1353	1354	1265	1264	
1354	1355	1266	1265	
1355	1356	1267	1266	
1356	1357	1268	1267	
1357	1358	1269	1268	
1358	1359	1270	1269	
1359	1360	1271	1270	
1360	1361	1272	1271	
1361	1362	1273	1272	
1362	1363	1274	1273	
1363	1364	1275	1274	
1364	1365	1276	1275	
1365	1366	1277	1276	
1366	1367	1278	1277	
1367	1368	1279	1278	
1368	1369	1280	1279	
1369	1370	1281	1280	
1370	1371	1282	1281	
1371	1372	1283	1282	
1372	1373	1284	1283	
1373	1374	1285	1284	
1374	1375	1286	1285	
1375	1376	1287	1286	
1376	1377	1288	1287	
1377	1378	1289	1288	
1378	1379	1290	1289	
1379	1380	1291	1290	
1380	1381	1292	1291	
1381	1382	1293	1292	
1382	1383	1294	1293	
1383	1384	1295	1294	
1384	1385	1296	1295	
1385	1386	1297	1296	
1386	1387	1298	1297	
1387	1388	1299	1298	
1388	1389	1300	1299	
1389	1390	1301	1300	
1390	1391	1302	1301	
1391	1392	1303	1302	
1392	1393	1304	1303	
1393	1394	1305	1304	
1394	1395	1306	1305	
1395	1396	1307	1306	
1396	1397	1308	1307	
1397	1398	1309	1308	
1398	1399	1310	1309	
1399	1400	1311	1310	
1400	1401	1312	1311	
1401	1402	1313	1312	
1402	1403	1314	1313	
1403	1404	1315	1314	
1404	1405	1316	1315	
1405	1406	1317	1316	
1406	1407	1318	1317	
1407	1408	1319	1318	
1408	1409	1320	1319	
1409	1410	1321	1320	
1410	1411	1322	1321	
1411	1412	1323	1322	
1412	1413	1324	1323	
1413	1414	1325	1324	
1414	1415	1326	1325	
1415	1416	1327	1326	
1416	1417	1328	1327	
1417	1418	1329	1328	
1418	1419	1330	1329	
1419	1420	1331	1330	
1420	1421	1332	1331	
1421	1422	1333	1332	
1422	1423	1334	1333	
1424	1425	1336	1335	
1425	1426	1337	1336	
1426	1427	1338	1337	
1427	1428	1339	1338	
1428	1429	1340	1339	
1429	1430	1341	1340	
1430	1431	1342	1341	
1431	1432	1343	1342	
1432	1433	1344	1343	
1433	1434	1345	1344	
1434	1435	1346	1345	
1435	1436	1347	1346	
1436	1437	1348	1347	
1437	1438	1349	1348	
1438	1439	1350	1349	
1439	1440	1351	1350	
1440	1441	1352	1351	
1441	1442	1353	1352	
1442	1443	1354	1353	
1443	1444	1355	1354	
1444	1445	1356	1355	
1445	1446	1357	1356	
1446	1447	1358	1357	
1447	1448	1359	1358	
1448	1449	1360	1359	
1449	1450	1361	1360	
1450	1451	1362	1361	
1451	1452	1363	1362	
1452	1453	1364	1363	
1453	1454	1365	1364	
1454	1455	1366	1365	
1455	1456	1367	1366	
1456	1457	1368	1367	
1457	1458	1369	1368	
1458	1459	1370	1369	
1459	1460	1371	1370	
1460	1461	1372	1371	
1461	1462	1373	1372	
1462	1463	1374	1373	
1463	1464	1375	1374	
1464	1465	1376	1375	
1465	1466	1377	1376	
1466	1467	1378	1377	
1467	1468	1379	1378	
1468	1469	1380	1379	
1469	1470	1381	1380	
1470	1471	1382	1381	
1471	1472	1383	1382	
1472	1473	1384	1383	
1473	1474	1385	1384	
1474	1475	1386	1385	
1475	1476	1387	1386	
1476	1477	1388	1387	
1477	1478	1389	1388	
1478	1479	1390	1389	
1479	1480	1391	1390	
1480	1481	1392	1391	
1481	1482	1393	1392	
1482	1483	1394	1393	
1483	1484	1395	1394	
1484	1485	1396	1395	
1485	1486	1397	1396	
1486	1487	1398	1397	
1487	1488	1399	1398	
1488	1489	1400	1399	
1489	1490	1401	1400	
1490	1491	1402	1401	
1491	1492	1403	1402	
1492	1493	1404	1403	
1493	1494	1405	1404	
1494	1495	1406	1405	
1495	1496	1407	1406	
1496	1497	1408	1407	
1497	1498	1409	1408	
1498	1499	1410	1409	
1499	1500	1411	1410	
1500	1501	1412	1411	
1501	1502	1413	1412	
1502	1503	1414	1413	
1503	1504	1415	1414	
1504	1505	1416	1415	
1505	1506	1417	1416	
1506	1507	1418	1417	
1507	1508	1419	1418	
1508	1509	1420	1419	
1509	1510	1421	1420	
1510	1511	1422	1421	
1511	1512	1423	1422	
1513	1514	1425	1424	
1514	1515	1426	1425	
1515	1516	1427	1426	
1516	1517	1428	1427	
1517	1518	1429	1428	
1518	1519	1430	1429	
1519	1520	1431	1430	
1520	1521	1432	1431	
1521	1522	1433	1432	
1522	1523	1434	1433	
1523	1524	1435	1434	
1524	1525	1436	1435	
1525	1526	1437	1436	
1526	1527	1438	1437	
1527	1528	1439	1438	
1528	1529	1440	1439	
1529	1530	1441	1440	
1530	1531	1442	1441	
1531	1532	1443	1442	
1532	1533	1444	1443	
1533	1534	1445	1444	
1534	1535	1446	1445	
1535	1536	1447	1446	
1536	1537	1448	1447	
1537	1538	1449	1448	
1538	1539	1450	1449	
1539	1540	1451	1450	
1540	1541	1452	1451	
1541	1542	1453	1452	
1542	1543	1454	1453	
1543	1544	1455	1454	
1544	1545	1456	1455	
1545	1546	1457	1456	
1546	1547	1458	1457	
1547	1548	1459	1458	
1548	1549	1460	1459	
1549	1550	1461	1460	
1550	1551	1462	1461	
1551	1552	1463	1462	
1552	1553	1464	1463	
1553	1554	1465	1464	
1554	1555	1466	1465	
1555	1556	1467	1466	
1556	1557	1468	1467	
1557	1558	1469	1468	
1558	1559	1470	1469	
1559	1560	1471	1470	
1560	1561	1472	1471	
1561	1562	1473	1472	
1562	1563	1474	1473	
1563	1564	1475	1474	
1564	1565	1476	1475	
1565	1566	1477	1476	
1566	1567	1478	1477	
1567	1568	1479	1478	
1568	1569	1480	1479	
1569	1570	1481	1480	
1570	1571	1482	1481	
1571	1572	1483	1482	
1572	1573	1484	1483	
1573	1574	1485	1484	
1574	1575	1486	1485	
1575	1576	1487	1486	
1576	1577	1488	1487	
1577	1578	1489	1488	
1578	1579	1490	1489	
1579	1580	1491	1490	
1580	1581	1492	1491	
1581	1582	1493	1492	
1582	1583	1494	1493	
1583	1584	1495	1494	
1584	1585	1496	1495	
1585	1586	1497	1496	
1586	1587	1498	1497	
1587	1588	1499	1498	
1588	1589	1500	1499	
1589	1590	1501	1500	
1590	1591	1502	1501	
1591	1592	1503	1502	
1592	1593	1504	1503	
1593	1594	1505	1504	
1594	1595	1506	1505	
1595	1596	1507	1506	
1596	1597	1508	1507	
1597	1598	1509	1508	
1598	1599	1510	1509	
1599	1600	1511	1510	
1600	1601	1512	1511	
1602	1603	1514	1513	
1603	1604	1515	1514	
1604	1605	1516	1515	
1605	1606	1517	1516	
1606	1607	1518	1517	
1607	1608	1519	1518	
1608	1609	1520	1519	
1609	1610	1521	1520	
1610	1611	1522	1521	
1611	1612	1523	1522	
1612	1613	1524	1523	
1613	1614	1525	1524	
1614	1615	1526	1525	
1615	1616	1527	1526	
1616	1617	1528	1527	
1617	1618	1529	1528	
1618	1619	1530	1529	
1619	1620	1531	1530	
1620	1621	1532	1531	
1621	1622	1533	1532	
1622	1623	1534	1533	
1623	1624	1535	1534	
1624	1625	1536	1535	
1625	1626	1537	1536	
1626	1627	1538	1537	
1627	1628	1539	1538	
1628	1629	1540	1539	
1629	1630	1541	1540	
1630	1631	1542	1541	
1631	1632	1543	1542	
1632	1633	1544	1543	
1633	1634	1545	1544	
1634	1635	1546	1545	
1635	1636	1547	1546	
1636	1637	1548	1547	
1637	1638	1549	1548	
1638	1639	1550	1549	
1639	1640	1551	1550	
1640	1641	1552	1551	
1641	1642	1553	1552	
1642	1643	1554	1553	
1643	1644	1555	1554	
1644	1645	1556	1555	
1645	1646	1557	1556	
1646	1647	1558	1557	
1647	1648	1559	1558	
1648	1649	1560	1559	
1649	1650	1561	1560	
1650	1651	1562	1561	
1651	1652	1563	1562	
1652	1653	1564	1563	
1653	1654	1565	1564	
1654	1655	1566	1565	
1655	1656	1567	1566	
1656	1657	1568	1567	
1657	1658	1569	1568	
1658	1659	1570	1569	
1659	1660	1571	1570	
1660	1661	1572	1571	
1661	1662	1573	1572	
1662	1663	1574	1573	
1663	1664	1575	1574	
1664	1665	1576	1575	
1665	1666	1577	1576	
1666	1667	1578	1577	
1667	1668	1579	1578	
1668	1669	1580	1579	
1669	1670	1581	1580	
1670	1671	1582	1581	
1671	1672	1583	1582	
1672	1673	1584	1583	
1673	1674	1585	1584	
1674	1675	1586	1585	
1675	1676	1587	1586	
1676	1677	1588	1587	
1677	1678	1589	1588	
1678	1679	1590	1589	
1679	1680	1591	1590	
1680	1681	1592	1591	
1681	1682	1593	1592	
1682	1683	1594	1593	
1683	1684	1595	1594	
1684	1685	1596	1595	
1685	1686	1597	1596	
1686	1687	1598	1597	
1687	1688	1599	1598	
1688	1689	1600	1599	
1689	1690	1601	1600	
1691	1692	1603	1602	
1692	1693	1604	1603	
1693	1694	1605	1604	
1694	1695	1606	1605	
1695	1696	1607	1606	
1696	1697	1608	1607	
1697	1698	1609	1608	
1698	1699	1610	1609	
1699	1700	1611	1610	
1700	1701	1612	1611	
1701	1702	1613	1612	
1702	1703	1614	1613	
1703	1704	1615	1614	
1704	1705	1616	1615	
1705	1706	1617	1616	
1706	1707	1618	1617	
1707	1708	1619	1618	
1708	1709	1620	1619	
1709	1710	1621	1620	
1710	1711	1622	1621	
1711	1712	1623	1622	
1712	1713	1624	1623	
1713	1714	1625	1624	
1714	1715	1626	1625	
1715	1716	1627	1626	
1716	1717	1628	1627	
1717	1718	1629	1628	
1718	1719	1630	1629	
1719	1720	1631	1630	
1720	1721	1632	1631	
1721	1722	1633	1632	
1722	1723	1634	1633	
1723	1724	1635	1634	
1724	1725	1636	1635	
1725	1726	1637	1636	
1726	1727	1638	1637	
1727	1728	1639	1638	
1728	1729	1640	1639	
1729	1730	1641	1640	
1730	1731	1642	1641	
1731	1732	1643	1642	
1732	1733	1644	1643	
1733	1734	1645	1644	
1734	1735	1646	1645	
1735	1736	1647	1646	
1736	1737	1648	1647	
1737	1738	1649	1648	
1738	1739	1650	1649	
1739	1740	1651	1650	
1740	1741	1652	1651	
1741	1742	1653	1652	
1742	1743	1654	1653	
1743	1744	1655	1654	
1744	1745	1656	1655	
1745	1746	1657	1656	
1746	1747	1658	1657	
1747	1748	1659	1658	
1748	1749	1660	1659	
1749	1750	1661	1660	
1750	1751	1662	1661	
1751	1752	1663	1662	
1752	1753	1664	1663	
1753	1754	1665	1664	
1754	1755	1666	1665	
1755	1756	1667	1666	
1756	1757	1668	1667	
1757	1758	1669	1668	
1758	1759	1670	1669	
1759	1760	1671	1670	
1760	1761	1672	1671	
1761	1762	1673	1672	
1762	1763	1674	1673	
1763	1764	1675	1674	
1764	1765	1676	1675	
1765	1766	1677	1676	
1766	1767	1678	1677	
1767	1768	1679	1678	
1768	1769	1680	1679	
1769	1770	1681	1680	
1770	1771	1682	1681	
1771	1772	1683	1682	
1772	1773	1684	1683	
1773	1774	1685	1684	
1774	1775	1686	1685	
1775	1776	1687	1686	
1776	1777	1688	1687	
1777	1778	1689	1688	
1778	1779	1690	1689	
1780	1781	1692	1691	
1781	1782	1693	1692	
1782	1783	1694	1693	
1783	1784	1695	1694	
1784	1785	1696	1695	
1785	1786	1697	1696	
1786	1787	1698	1697	
1787	1788	1699	1698	
1788	1789	1700	1699	
1789	1790	1701	1700	
1790	1791	1702	1701	
1791	1792	1703	1702	
1792	1793	1704	1703	
1793	1794	1705	1704	
1794	1795	1706	1705	
1795	1796	1707	1706	
1796	1797	1708	1707	
1797	1798	1709	1708	
1798	1799	1710	1709	
1799	1800	1711	1710	
1800	1801	1712	1711	
1801	1802	1713	1712	
1802	1803	1714	1713	
1803	1804	1715	1714	
1804	1805	1716	1715	
1805	1806	1717	1716	
1806	1807	1718	1717	
1807	1808	1719	1718	
1808	1809	1720	1719	
1809	1810	1721	1720	
1810	1811	1722	1721	
1811	1812	1723	1722	
1812	1813	1724	1723	
1813	1814	1725	1724	
1814	1815	1726	1725	
1815	1816	1727	1726	
1816	1817	1728	1727	
1817	1818	1729	1728	
1818	1819	1730	1729	
1819	1820	1731	1730	
1820	1821	1732	1731	
1821	1822	1733	1732	
1822	1823	1734	1733	
1823	1824	1735	1734	
1824	1825	1736	1735	
1825	1826	1737	1736	
1826	1827	1738	1737	
1827	1828	1739	1738	
1828	1829	1740	1739	
1829	1830	1741	1740	
1830	1831	1742	1741	
1831	1832	1743	1742	
1832	1833	1744	1743	
1833	1834	1745	1744	
1834	1835	1746	1745	
1835	1836	1747	1746	
1836	1837	1748	1747	
1837	1838	1749	1748	
1838	1839	1750	1749	
1839	1840	1751	1750	
1840	1841	1752	1751	
1841	1842	1753	1752	
1842	1843	1754	1753	
1843	1844	1755	1754	
1844	1845	1756	1755	
1845	1846	1757	1756	
1846	1847	1758	1757	
1847	1848	1759	1758	
1848	1849	1760	1759	
1849	1850	1761	1760	
1850	1851	1762	1761	
1851	1852	1763	1762	
1852	1853	1764	1763	
1853	1854	1765	1764	
1854	1855	1766	1765	
1855	1856	1767	1766	
1856	1857	1768	1767	
1857	1858	1769	1768	
1858	1859	1770	1769	
1859	1860	1771	1770	
1860	1861	1772	1771	
1861	1862	1773	1772	
1862	1863	1774	1773	
1863	1864	1775	1774	
1864	1865	1776	1775	
1865	1866	1777	1776	
1866	1867	1778	1777	
1867	1868	1779	1778	
1869	1870	1781	1780	
1870	1871	1782	1781	
1871	1872	1783	1782	
1872	1873	1784	1783	
1873	1874	1785	1784	
1874	1875	1786	1785	
1875	1876	1787	1786	
1876	1877	1788	1787	
1877	1878	1789	1788	
1878	1879	1790	1789	
1879	1880	1791	1790	
1880	1881	1792	1791	
1881	1882	1793	1792	
1882	1883	1794	1793	
1883	1884	1795	1794	
1884	1885	1796	1795	
1885	1886	1797	1796	
1886	1887	1798	1797	
1887	1888	1799	1798	
1888	1889	1800	1799	
1889	1890	1801	1800	
1890	1891	1802	1801	
1891	1892	1803	1802	
1892	1893	1804	1803	
1893	1894	1805	1804	
1894	1895	1806	1805	
1895	1896	1807	1806	
1896	1897	1808	1807	
1897	1898	1809	1808	
1898	1899	1810	1809	
1899	1900	1811	1810	
1900	1901	1812	1811	
1901	1902	1813	1812	
1902	1903	1814	1813	
1903	1904	1815	1814	
1904	1905	1816	1815	
1905	1906	1817	1816	
1906	1907	1818	1817	
1907	1908	1819	1818	
1908	1909	1820	1819	
1909	1910	1821	1820	
1910	1911	1822	1821	
1911	1912	1823	1822	
1912	1913	1824	1823	
1913	1914	1825	1824	
1914	1915	1826	1825	
1915	1916	1827	1826	
1916	1917	1828	1827	
1917	1918	1829	1828	
1918	1919	1830	1829	
1919	1920	1831	1830	
1920	1921	1832	1831	
1921	1922	1833	1832	
1922	1923	1834	1833	
1923	1924	1835	1834	
1924	1925	1836	1835	
1925	1926	1837	1836	
1926	1927	1838	1837	
1927	1928	1839	1838	
1928	1929	1840	1839	
1929	1930	1841	1840	
1930	1931	1842	1841	
1931	1932	1843	1842	
1932	1933	1844	1843	
1933	1934	1845	1844	
1934	1935	1846	1845	
1935	1936	1847	1846	
1936	1937	1848	1847	
1937	1938	1849	1848	
1938	1939	1850	1849	
1939	1940	1851	1850	
1940	1941	1852	1851	
1941	1942	1853	1852	
1942	1943	1854	1853	
1943	1944	1855	1854	
1944	1945	1856	1855	
1945	1946	1857	1856	
1946	1947	1858	1857	
1947	1948	1859	1858	
1948	1949	1860	1859	
1949	1950	1861	1860	
1950	1951	1862	1861	
1951	1952	1863	1862	
1952	1953	1864	1863	
1953	1954	1865	1864	
1954	1955	1866	1865	
1955	1956	1867	1866	
1956	1957	1868	1867	
1958	1959	1870	1869	
1959	1960	1871	1870	
1960	1961	1872	1871	
1961	1962	1873	1872	
1962	1963	1874	1873	
1963	1964	1875	1874	
1964	1965	1876	1875	
1965	1966	1877	1876	
1966	1967	1878	1877	
1967	1968	1879	1878	
1968	1969	1880	1879	
1969	1970	1881	1880	
1970	1971	1882	1881	
1971	1972	1883	1882	
1972	1973	1884	1883	
1973	1974	1885	1884	
1974	1975	1886	1885	
1975	1976	1887	1886	
1976	1977	1888	1887	
1977	1978	1889	1888	
1978	1979	1890	1889	
1979	1980	1891	1890	
1980	1981	1892	1891	
1981	1982	1893	1892	
1982	1983	1894	1893	
1983	1984	1895	1894	
1984	1985	1896	1895	
1985	1986	1897	1896	
1986	1987	1898	1897	
1987	1988	1899	1898	
1988	1989	1900	1899	
1989	1990	1901	1900	
1990	1991	1902	1901	
1991	1992	1903	1902	
1992	1993	1904	1903	
1993	1994	1905	1904	
1994	1995	1906	1905	
1995	1996	1907	1906	
1996	1997	1908	1907	
1997	1998	1909	1908	
1998	1999	1910	1909	
1999	2000	1911	1910	
2000	2001	1912	1911	
2001	2002	1913	1912	
2002	2003	1914	1913	
2003	2004	1915	1914	
2004	2005	1916	1915	
2005	2006	1917	1916	
2006	2007	1918	1917	
2007	2008	1919	1918	
2008	2009	1920	1919	
2009	2010	1921	1920	
2010	2011	1922	1921	
2011	2012	1923	1922	
2012	2013	1924	1923	
2013	2014	1925	1924	
2014	2015	1926	1925	
2015	2016	1927	1926	
2016	2017	1928	1927	
2017	2018	1929	1928	
2018	2019	1930	1929	
2019	2020	1931	1930	
2020	2021	1932	1931	
2021	2022	1933	1932	
2022	2023	1934	1933	
2023	2024	1935	1934	
2024	2025	1936	1935	
2025	2026	1937	1936	
2026	2027	1938	1937	
2027	2028	1939	1938	
2028	2029	1940	1939	
2029	2030	1941	1940	
2030	2031	1942	1941	
2031	2032	1943	1942	
2032	2033	1944	1943	
2033	2034	1945	1944	
2034	2035	1946	1945	
2035	2036	1947	1946	
2036	2037	1948	1947	
2037	2038	1949	1948	
2038	2039	1950	1949	
2039	2040	1951	1950	
2040	2041	1952	1951	
2041	2042	1953	1952	
2042	2043	1954	1953	
2043	2044	1955	1954	
2044	2045	1956	1955	
2045	2046	1957	1956	
2047	2048	1959	1958	
2048	2049	1960	1959	
2049	2050	1961	1960	
2050	2051	1962	1961	
2051	2052	1963	1962	
2052	2053	1964	1963	
2053	2054	1965	1964	
2054	2055	1966	1965	
2055	2056	1967	1966	
2056	2057	1968	1967	
2057	2058	1969	1968	
2058	2059	1970	1969	
2059	2060	1971	1970	
2060	2061	1972	1971	
2061	2062	1973	1972	
2062	2063	1974	1973	
2063	2064	1975	1974	
2064	2065	1976	1975	
2065	2066	1977	1976	
2066	2067	1978	1977	
2067	2068	1979	1978	
2068	2069	1980	1979	
2069	2070	1981	1980	
2070	2071	1982	1981	
2071	2072	1983	1982	
2072	2073	1984	1983	
2073	2074	1985	1984	
2074	2075	1986	1985	
2075	2076	1987	1986	
2076	2077	1988	1987	
2077	2078	1989	1988	
2078	2079	1990	1989	
2079	2080	1991	1990	
2080	2081	1992	1991	
2081	2082	1993	1992	
2082	2083	1994	1993	
2083	2084	1995	1994	
2084	2085	1996	1995	
2085	2086	1997	1996	
2086	2087	1998	1997	
2087	2088	1999	1998	
2088	2089	2000	1999	
2089	2090	2001	2000	
2090	2091	2002	2001	
2091	2092	2003	2002	
2092	2093	2004	2003	
2093	2094	2005	2004	
2094	2095	2006	2005	
2095	2096	2007	2006	
2096	2097	2008	2007	
2097	2098	2009	2008	
2098	2099	2010	2009	
2099	2100	2011	2010	
2100	2101	2012	2011	
2101	2102	2013	2012	
2102	2103	2014	2013	
2103	2104	2015	2014	
2104	2105	2016	2015	
2105	2106	2017	2016	
2106	2107	2018	2017	
2107	2108	2019	2018	
2108	2109	2020	2019	
2109	2110	2021	2020	
2110	2111	2022	2021	
2111	2112	2023	2022	
2112	2113	2024	2023	
2113	2114	2025	2024	
2114	2115	2026	2025	
2115	2116	2027	2026	
2116	2117	2028	2027	
2117	2118	2029	2028	
2118	2119	2030	2029	
2119	2120	2031	2030	
2120	2121	2032	2031	
2121	2122	2033	2032	
2122	2123	2034	2033	
2123	2124	2035	2034	
2124	2125	2036	2035	
2125	2126	2037	2036	
2126	2127	2038	2037	
2127	2128	2039	2038	
2128	2129	2040	2039	
2129	2130	2041	2040	
2130	2131	2042	2041	
2131	2132	2043	2042	
2132	2133	2044	2043	
2133	2134	2045	2044	
2134	2135	2046	2045	
2136	2137	2048	2047	
2137	2138	2049	2048	
2138	2139	2050	2049	
2139	2140	2051	2050	
2140	2141	2052	2051	
2141	2142	2053	2052	
2142	2143	2054	2053	
2143	2144	2055	2054	
2144	2145	2056	2055	
2145	2146	2057	2056	
2146	2147	2058	2057	
2147	2148	2059	2058	
2148	2149	2060	2059	
2149	2150	2061	2060	
2150	2151	2062	2061	
2151	2152	2063	2062	
2152	2153	2064	2063	
2153	2154	2065	2064	
2154	2155	2066	2065	
2155	2156	2067	2066	
2156	2157	2068	2067	
2157	2158	2069	2068	
2158	2159	2070	2069	
2159	2160	2071	2070	
2160	2161	2072	2071	
2161	2162	2073	2072	
2162	2163	2074	2073	
2163	2164	2075	2074	
2164	2165	2076	2075	
2165	2166	2077	2076	
2166	2167	2078	2077	
2167	2168	2079	2078	
2168	2169	2080	2079	
2169	2170	2081	2080	
2170	2171	2082	2081	
2171	2172	2083	2082	
2172	2173	2084	2083	
2173	2174	2085	2084	
2174	2175	2086	2085	
2175	2176	2087	2086	
2176	2177	2088	2087	
2177	2178	2089	2088	
2178	2179	2090	2089	
2179	2180	2091	2090	
2180	2181	2092	2091	
2181	2182	2093	2092	
2182	2183	2094	2093	
2183	2184	2095	2094	
2184	2185	2096	2095	
2185	2186	2097	2096	
2186	2187	2098	2097	
2187	2188	2099	2098	
2188	2189	2100	2099	
2189	2190	2101	2100	
2190	2191	2102	2101	
2191	2192	2103	2102	
2192	2193	2104	2103	
2193	2194	2105	2104	
2194	2195	2106	2105	
2195	2196	2107	2106	
2196	2197	2108	2107	
2197	2198	2109	2108	
2198	2199	2110	2109	
2199	2200	2111	2110	
2200	2201	2112	2111	
2201	2202	2113	2112	
2202	2203	2114	2113	
2203	2204	2115	2114	
2204	2205	2116	2115	
2205	2206	2117	2116	
2206	2207	2118	2117	
2207	2208	2119	2118	
2208	2209	2120	2119	
2209	2210	2121	2120	
2210	2211	2122	2121	
2211	2212	2123	2122	
2212	2213	2124	2123	
2213	2214	2125	2124	
2214	2215	2126	2125	
2215	2216	2127	2126	
2216	2217	2128	2127	
2217	2218	2129	2128	
2218	2219	2130	2129	
2219	2220	2131	2130	
2220	2221	2132	2131	
2221	2222	2133	2132	
2222	2223	2134	2133	
2223	2224	2135	2134	
2225	2226	2137	2136	
2226	2227	2138	2137	
2227	2228	2139	2138	
2228	2229	2140	2139	
2229	2230	2141	2140	
2230	2231	2142	2141	
2231	2232	2143	2142	
2232	2233	2144	2143	
2233	2234	2145	2144	
2234	2235	2146	2145	
2235	2236	2147	2146	
2236	2237	2148	2147	
2237	2238	2149	2148	
2238	2239	2150	2149	
2239	2240	2151	2150	
2240	2241	2152	2151	
2241	2242	2153	2152	
2242	2243	2154	2153	
2243	2244	2155	2154	
2244	2245	2156	2155	
2245	2246	2157	2156	
2246	2247	2158	2157	
2247	2248	2159	2158	
2248	2249	2160	2159	
2249	2250	2161	2160	
2250	2251	2162	2161	
2251	2252	2163	2162	
2252	2253	2164	2163	
2253	2254	2165	2164	
2254	2255	2166	2165	
2255	2256	2167	2166	
2256	2257	2168	2167	
2257	2258	2169	2168	
2258	2259	2170	2169	
2259	2260	2171	2170	
2260	2261	2172	2171	
2261	2262	2173	2172	
2262	2263	2174	2173	
2263	2264	2175	2174	
2264	2265	2176	2175	
2265	2266	2177	2176	
2266	2267	2178	2177	
2267	2268	2179	2178	
2268	2269	2180	2179	
2269	2270	2181	2180	
2270	2271	2182	2181	
2271	2272	2183	2182	
2272	2273	2184	2183	
2273	2274	2185	2184	
2274	2275	2186	2185	
2275	2276	2187	2186	
2276	2277	2188	2187	
2277	2278	2189	2188	
2278	2279	2190	2189	
2279	2280	2191	2190	
2280	2281	2192	2191	
2281	2282	2193	2192	
2282	2283	2194	2193	
2283	2284	2195	2194	
2284	2285	2196	2195	
2285	2286	2197	2196	
2286	2287	2198	2197	
2287	2288	2199	2198	
2288	2289	2200	2199	
2289	2290	2201	2200	
2290	2291	2202	2201	
2291	2292	2203	2202	
2292	2293	2204	2203	
2293	2294	2205	2204	
2294	2295	2206	2205	
2295	2296	2207	2206	
2296	2297	2208	2207	
2297	2298	2209	2208	
2298	2299	2210	2209	
2299	2300	2211	2210	
2300	2301	2212	2211	
2301	2302	2213	2212	
2302	2303	2214	2213	
2303	2304	2215	2214	
2304	2305	2216	2215	
2305	2306	2217	2216	
2306	2307	2218	2217	
2307	2308	2219	2218	
2308	2309	2220	2219	
2309	2310	2221	2220	
2310	2311	2222	2221	
2311	2312	2223	2222	
2312	2313	2224	2223	
2314	2315	2226	2225	
2315	2316	2227	2226	
2316	2317	2228	2227	
2317	2318	2229	2228	
2318	2319	2230	2229	
2319	2320	2231	2230	
2320	2321	2232	2231	
2321	2322	2233	2232	
2322	2323	2234	2233	
2323	2324	2235	2234	
2324	2325	2236	2235	
2325	2326	2237	2236	
2326	2327	2238	2237	
2327	2328	2239	2238	
2328	2329	2240	2239	
2329	2330	2241	2240	
2330	2331	2242	2241	
2331	2332	2243	2242	
2332	2333	2244	2243	
2333	2334	2245	2244	
2334	2335	2246	2245	
2335	2336	2247	2246	
2336	2337	2248	2247	
2337	2338	2249	2248	
2338	2339	2250	2249	
2339	2340	2251	2250	
2340	2341	2252	2251	
2341	2342	2253	2252	
2342	2343	2254	2253	
2343	2344	2255	2254	
2344	2345	2256	2255	
2345	2346	2257	2256	
2346	2347	2258	2257	
2347	2348	2259	2258	
2348	2349	2260	2259	
2349	2350	2261	2260	
2350	2351	2262	2261	
2351	2352	2263	2262	
2352	2353	2264	2263	
2353	2354	2265	2264	
2354	2355	2266	2265	
2355	2356	2267	2266	
2356	2357	2268	2267	
2357	2358	2269	2268	
2358	2359	2270	2269	
2359	2360	2271	2270	
2360	2361	2272	2271	
2361	2362	2273	2272	
2362	2363	2274	2273	
2363	2364	2275	2274	
2364	2365	2276	2275	
2365	2366	2277	2276	
2366	2367	2278	2277	
2367	2368	2279	2278	
2368	2369	2280	2279	
2369	2370	2281	2280	
2370	2371	2282	2281	
2371	2372	2283	2282	
2372	2373	2284	2283	
2373	2374	2285	2284	
2374	2375	2286	2285	
2375	2376	2287	2286	
2376	2377	2288	2287	
2377	2378	2289	2288	
2378	2379	2290	2289	
2379	2380	2291	2290	
2380	2381	2292	2291	
2381	2382	2293	2292	
2382	2383	2294	2293	
2383	2384	2295	2294	
2384	2385	2296	2295	
2385	2386	2297	2296	
2386	2387	2298	2297	
2387	2388	2299	2298	
2388	2389	2300	2299	
2389	2390	2301	2300	
2390	2391	2302	2301	
2391	2392	2303	2302	
2392	2393	2304	2303	
2393	2394	2305	2304	
2394	2395	2306	2305	
2395	2396	2307	2306	
2396	2397	2308	2307	
2397	2398	2309	2308	
2398	2399	2310	2309	
2399	2400	2311	2310	
2400	2401	2312	2311	
2401	2402	2313	2312	
2403	2404	2315	2314	
2404	2405	2316	2315	
2405	2406	2317	2316	
2406	2407	2318	2317	
2407	2408	2319	2318	
2408	2409	2320	2319	
2409	2410	2321	2320	
2410	2411	2322	2321	
2411	2412	2323	2322	
2412	2413	2324	2323	
2413	2414	2325	2324	
2414	2415	2326	2325	
2415	2416	2327	2326	
2416	2417	2328	2327	
2417	2418	2329	2328	
2418	2419	2330	2329	
2419	2420	2331	2330	
2420	2421	2332	2331	
2421	2422	2333	2332	
2422	2423	2334	2333	
2423	2424	2335	2334	
2424	2425	2336	2335	
2425	2426	2337	2336	
2426	2427	2338	2337	
2427	2428	2339	2338	
2428	2429	2340	2339	
2429	2430	2341	2340	
2430	2431	2342	2341	
2431	2432	2343	2342	
2432	2433	2344	2343	
2433	2434	2345	2344	
2434	2435	2346	2345	
2435	2436	2347	2346	
2436	2437	2348	2347	
2437	2438	2349	2348	
2438	2439	2350	2349	
2439	2440	2351	2350	
2440	2441	2352	2351	
2441	2442	2353	2352	
2442	2443	2354	2353	
2443	2444	2355	2354	
2444	2445	2356	2355	
2445	2446	2357	2356	
2446	2447	2358	2357	
2447	2448	2359	2358	
2448	2449	2360	2359	
2449	2450	2361	2360	
2450	2451	2362	2361	
2451	2452	2363	2362	
2452	2453	2364	2363	
2453	2454	2365	2364	
2454	2455	2366	2365	
2455	2456	2367	2366	
2456	2457	2368	2367	
2457	2458	2369	2368	
2458	2459	2370	2369	
2459	2460	2371	2370	
2460	2461	2372	2371	
2461	2462	2373	2372	
2462	2463	2374	2373	
2463	2464	2375	2374	
2464	2465	2376	2375	
2465	2466	2377	2376	
2466	2467	2378	2377	
2467	2468	2379	2378	
2468	2469	2380	2379	
2469	2470	2381	2380	
2470	2471	2382	2381	
2471	2472	2383	2382	
2472	2473	2384	2383	
2473	2474	2385	2384	
2474	2475	2386	2385	
2475	2476	2387	2386	
2476	2477	2388	2387	
2477	2478	2389	2388	
2478	2479	2390	2389	
2479	2480	2391	2390	
2480	2481	2392	2391	
2481	2482	2393	2392	
2482	2483	2394	2393	
2483	2484	2395	2394	
2484	2485	2396	2395	
2485	2486	2397	2396	
2486	2487	2398	2397	
2487	2488	2399	2398	
2488	2489	2400	2399	
2489	2490	2401	2400	
2490	2491	2402	2401	
2492	2493	2404	2403	
2493	2494	2405	2404	
2494	2495	2406	2405	
2495	2496	2407	2406	
2496	2497	2408	2407	
2497	2498	2409	2408	
2498	2499	2410	2409	
2499	2500	2411	2410	
2500	2501	2412	2411	
2501	2502	2413	2412	
2502	2503	2414	2413	
2503	2504	2415	2414	
2504	2505	2416	2415	
2505	2506	2417	2416	
2506	2507	2418	2417	
2507	2508	2419	2418	
2508	2509	2420	2419	
2509	2510	2421	2420	
2510	2511	2422	2421	
2511	2512	2423	2422	
2512	2513	2424	2423	
2513	2514	2425	2424	
2514	2515	2426	2425	
2515	2516	2427	2426	
2516	2517	2428	2427	
2517	2518	2429	2428	
2518	2519	2430	2429	
2519	2520	2431	2430	
2520	2521	2432	2431	
2521	2522	2433	2432	
2522	2523	2434	2433	
2523	2524	2435	2434	
2524	2525	2436	2435	
2525	2526	2437	2436	
2526	2527	2438	2437	
2527	2528	2439	2438	
2528	2529	2440	2439	
2529	2530	2441	2440	
2530	2531	2442	2441	
2531	2532	2443	2442	
2532	2533	2444	2443	
2533	2534	2445	2444	
2534	2535	2446	2445	
2535	2536	2447	2446	
2536	2537	2448	2447	
2537	2538	2449	2448	
2538	2539	2450	2449	
2539	2540	2451	2450	
2540	2541	2452	2451	
2541	2542	2453	2452	
2542	2543	2454	2453	
2543	2544	2455	2454	
2544	2545	2456	2455	
2545	2546	2457	2456	
2546	2547	2458	2457	
2547	2548	2459	2458	
2548	2549	2460	2459	
2549	2550	2461	2460	
2550	2551	2462	2461	
2551	2552	2463	2462	
2552	2553	2464	2463	
2553	2554	2465	2464	
2554	2555	2466	2465	
2555	2556	2467	2466	
2556	2557	2468	2467	
2557	2558	2469	2468	
2558	2559	2470	2469	
2559	2560	2471	2470	
2560	2561	2472	2471	
2561	2562	2473	2472	
2562	2563	2474	2473	
2563	2564	2475	2474	
2564	2565	2476	2475	
2565	2566	2477	2476	
2566	2567	2478	2477	
2567	2568	2479	2478	
2568	2569	2480	2479	
2569	2570	2481	2480	
2570	2571	2482	2481	
2571	2572	2483	2482	
2572	2573	2484	2483	
2573	2574	2485	2484	
2574	2575	2486	2485	
2575	2576	2487	2486	
2576	2577	2488	2487	
2577	2578	2489	2488	
2578	2579	2490	2489	
2579	2580	2491	2490	
2581	2582	2493	2492	
2582	2583	2494	2493	
2583	2584	2495	2494	
2584	2585	2496	2495	
2585	2586	2497	2496	
2586	2587	2498	2497	
2587	2588	2499	2498	
2588	2589	2500	2499	
2589	2590	2501	2500	
2590	2591	2502	2501	
2591	2592	2503	2502	
2592	2593	2504	2503	
2593	2594	2505	2504	
2594	2595	2506	2505	
2595	2596	2507	2506	
2596	2597	2508	2507	
2597	2598	2509	2508	
2598	2599	2510	2509	
2599	2600	2511	2510	
2600	2601	2512	2511	
2601	2602	2513	2512	
2602	2603	2514	2513	
2603	2604	2515	2514	
2604	2605	2516	2515	
2605	2606	2517	2516	
2606	2607	2518	2517	
2607	2608	2519	2518	
2608	2609	2520	2519	
2609	2610	2521	2520	
2610	2611	2522	2521	
2611	2612	2523	2522	
2612	2613	2524	2523	
2613	2614	2525	2524	
2614	2615	2526	2525	
2615	2616	2527	2526	
2616	2617	2528	2527	
2617	2618	2529	2528	
2618	2619	2530	2529	
2619	2620	2531	2530	
2620	2621	2532	2531	
2621	2622	2533	2532	
2622	2623	2534	2533	
2623	2624	2535	2534	
2624	2625	2536	2535	
2625	2626	2537	2536	
2626	2627	2538	2537	
2627	2628	2539	2538	
2628	2629	2540	2539	
2629	2630	2541	2540	
2630	2631	2542	2541	
2631	2632	2543	2542	
2632	2633	2544	2543	
2633	2634	2545	2544	
2634	2635	2546	2545	
2635	2636	2547	2546	
2636	2637	2548	2547	
2637	2638	2549	2548	
2638	2639	2550	2549	
2639	2640	2551	2550	
2640	2641	2552	2551	
2641	2642	2553	2552	
2642	2643	2554	2553	
2643	2644	2555	2554	
2644	2645	2556	2555	
2645	2646	2557	2556	
2646	2647	2558	2557	
2647	2648	2559	2558	
2648	2649	2560	2559	
2649	2650	2561	2560	
2650	2651	2562	2561	
2651	2652	2563	2562	
2652	2653	2564	2563	
2653	2654	2565	2564	
2654	2655	2566	2565	
2655	2656	2567	2566	
2656	2657	2568	2567	
2657	2658	2569	2568	
2658	2659	2570	2569	
2659	2660	2571	2570	
2660	2661	2572	2571	
2661	2662	2573	2572	
2662	2663	2574	2573	
2663	2664	2575	2574	
2664	2665	2576	2575	
2665	2666	2577	2576	
2666	2667	2578	2577	
2667	2668	2579	2578	
2668	2669	2580	2579	
2670	2671	2582	2581	
2671	2672	2583	2582	
2672	2673	2584	2583	
2673	2674	2585	2584	
2674	2675	2586	2585	
2675	2676	2587	2586	
2676	2677	2588	2587	
2677	2678	2589	2588	
2678	2679	2590	2589	
2679	2680	2591	2590	
2680	2681	2592	2591	
2681	2682	2593	2592	
2682	2683	2594	2593	
2683	2684	2595	2594	
2684	2685	2596	2595	
2685	2686	2597	2596	
2686	2687	2598	2597	
2687	2688	2599	2598	
2688	2689	2600	2599	
2689	2690	2601	2600	
2690	2691	2602	2601	
2691	2692	2603	2602	
2692	2693	2604	2603	
2693	2694	2605	2604	
2694	2695	2606	2605	
2695	2696	2607	2606	
2696	2697	2608	2607	
2697	2698	2609	2608	
2698	2699	2610	2609	
2699	2700	2611	2610	
2700	2701	2612	2611	
2701	2702	2613	2612	
2702	2703	2614	2613	
2703	2704	2615	2614	
2704	2705	2616	2615	
2705	2706	2617	2616	
2706	2707	2618	2617	
2707	2708	2619	2618	
2708	2709	2620	2619	
2709	2710	2621	2620	
2710	2711	2622	2621	
2711	2712	2623	2622	
2712	2713	2624	2623	
2713	2714	2625	2624	
2714	2715	2626	2625	
2715	2716	2627	2626	
2716	2717	2628	2627	
2717	2718	2629	2628	
2718	2719	2630	2629	
2719	2720	2631	2630	
2720	2721	2632	2631	
2721	2722	2633	2632	
2722	2723	2634	2633	
2723	2724	2635	2634	
2724	2725	2636	2635	
2725	2726	2637	2636	
2726	2727	2638	2637	
2727	2728	2639	2638	
2728	2729	2640	2639	
2729	2730	2641	2640	
2730	2731	2642	2641	
2731	2732	2643	2642	
2732	2733	2644	2643	
2733	2734	2645	2644	
2734	2735	2646	2645	
2735	2736	2647	2646	
2736	2737	2648	2647	
2737	2738	2649	2648	
2738	2739	2650	2649	
2739	2740	2651	2650	
2740	2741	2652	2651	
2741	2742	2653	2652	
2742	2743	2654	2653	
2743	2744	2655	2654	
2744	2745	2656	2655	
2745	2746	2657	2656	
2746	2747	2658	2657	
2747	2748	2659	2658	
2748	2749	2660	2659	
2749	2750	2661	2660	
2750	2751	2662	2661	
2751	2752	2663	2662	
2752	2753	2664	2663	
2753	2754	2665	2664	
2754	2755	2666	2665	
2755	2756	2667	2666	
2756	2757	2668	2667	
2757	2758	2669	2668	
2759	2760	2671	2670	
2760	2761	2672	2671	
2761	2762	2673	2672	
2762	2763	2674	2673	
2763	2764	2675	2674	
2764	2765	2676	2675	
2765	2766	2677	2676	
2766	2767	2678	2677	
2767	2768	2679	2678	
2768	2769	2680	2679	
2769	2770	2681	2680	
2770	2771	2682	2681	
2771	2772	2683	2682	
2772	2773	2684	2683	
2773	2774	2685	2684	
2774	2775	2686	2685	
2775	2776	2687	2686	
2776	2777	2688	2687	
2777	2778	2689	2688	
2778	2779	2690	2689	
2779	2780	2691	2690	
2780	2781	2692	2691	
2781	2782	2693	2692	
2782	2783	2694	2693	
2783	2784	2695	2694	
2784	2785	2696	2695	
2785	2786	2697	2696	
2786	2787	2698	2697	
2787	2788	2699	2698	
2788	2789	2700	2699	
2789	2790	2701	2700	
2790	2791	2702	2701	
2791	2792	2703	2702	
2792	2793	2704	2703	
2793	2794	2705	2704	
2794	2795	2706	2705	
2795	2796	2707	2706	
2796	2797	2708	2707	
2797	2798	2709	2708	
2798	2799	2710	2709	
2799	2800	2711	2710	
2800	2801	2712	2711	
2801	2802	2713	2712	
2802	2803	2714	2713	
2803	2804	2715	2714	
2804	2805	2716	2715	
2805	2806	2717	2716	
2806	2807	2718	2717	
2807	2808	2719	2718	
2808	2809	2720	2719	
2809	2810	2721	2720	
2810	2811	2722	2721	
2811	2812	2723	2722	
2812	2813	2724	2723	
2813	2814	2725	2724	
2814	2815	2726	2725	
2815	2816	2727	2726	
2816	2817	2728	2727	
2817	2818	2729	2728	
2818	2819	2730	2729	
2819	2820	2731	2730	
2820	2821	2732	2731	
2821	2822	2733	2732	
2822	2823	2734	2733	
2823	2824	2735	2734	
2824	2825	2736	2735	
2825	2826	2737	2736	
2826	2827	2738	2737	
2827	2828	2739	2738	
2828	2829	2740	2739	
2829	2830	2741	2740	
2830	2831	2742	2741	
2831	2832	2743	2742	
2832	2833	2744	2743	
2833	2834	2745	2744	
2834	2835	2746	2745	
2835	2836	2747	2746	
2836	2837	2748	2747	
2837	2838	2749	2748	
2838	2839	2750	2749	
2839	2840	2751	2750	
2840	2841	2752	2751	
2841	2842	2753	2752	
2842	2843	2754	2753	
2843	2844	2755	2754	
2844	2845	2756	2755	
2845	2846	2757	2756	
2846	2847	2758	2757	
2848	2849	2760	2759	
2849	2850	2761	2760	
2850	2851	2762	2761	
2851	2852	2763	2762	
2852	2853	2764	2763	
2853	2854	2765	2764	
2854	2855	2766	2765	
2855	2856	2767	2766	
2856	2857	2768	2767	
2857	2858	2769	2768	
2858	2859	2770	2769	
2859	2860	2771	2770	
2860	2861	2772	2771	
2861	2862	2773	2772	
2862	2863	2774	2773	
2863	2864	2775	2774	
2864	2865	2776	2775	
2865	2866	2777	2776	
2866	2867	2778	2777	
2867	2868	2779	2778	
2868	2869	2780	2779	
2869	2870	2781	2780	
2870	2871	2782	2781	
2871	2872	2783	2782	
2872	2873	2784	2783	
2873	2874	2785	2784	
2874	2875	2786	2785	
2875	2876	2787	2786	
2876	2877	2788	2787	
2877	2878	2789	2788	
2878	2879	2790	2789	
2879	2880	2791	2790	
2880	2881	2792	2791	
2881	2882	2793	2792	
2882	2883	2794	2793	
2883	2884	2795	2794	
2884	2885	2796	2795	
2885	2886	2797	2796	
2886	2887	2798	2797	
2887	2888	2799	2798	
2888	2889	2800	2799	
2889	2890	2801	2800	
2890	2891	2802	2801	
2891	2892	2803	2802	
2892	2893	2804	2803	
2893	2894	2805	2804	
2894	2895	2806	2805	
2895	2896	2807	2806	
2896	2897	2808	2807	
2897	2898	2809	2808	
2898	2899	2810	2809	
2899	2900	2811	2810	
2900	2901	2812	2811	
2901	2902	2813	2812	
2902	2903	2814	2813	
2903	2904	2815	2814	
2904	2905	2816	2815	
2905	2906	2817	2816	
2906	2907	2818	2817	
2907	2908	2819	2818	
2908	2909	2820	2819	
2909	2910	2821	2820	
2910	2911	2822	2821	
2911	2912	2823	2822	
2912	2913	2824	2823	
2913	2914	2825	2824	
2914	2915	2826	2825	
2915	2916	2827	2826	
2916	2917	2828	2827	
2917	2918	2829	2828	
2918	2919	2830	2829	
2919	2920	2831	2830	
2920	2921	2832	2831	
2921	2922	2833	2832	
2922	2923	2834	2833	
2923	2924	2835	2834	
2924	2925	2836	2835	
2925	2926	2837	2836	
2926	2927	2838	2837	
2927	2928	2839	2838	
2928	2929	2840	2839	
2929	2930	2841	2840	
2930	2931	2842	2841	
2931	2932	2843	2842	
2932	2933	2844	2843	
2933	2934	2845	2844	
2934	2935	2846	2845	
2935	2936	2847	2846	
2937	2938	2849	2848	
2938	2939	2850	2849	
2939	2940	2851	2850	
2940	2941	2852	2851	
2941	2942	2853	2852	
2942	2943	2854	2853	
2943	2944	2855	2854	
2944	2945	2856	2855	
2945	2946	2857	2856	
2946	2947	2858	2857	
2947	2948	2859	2858	
2948	2949	2860	2859	
2949	2950	2861	2860	
2950	2951	2862	2861	
2951	2952	2863	2862	
2952	2953	2864	2863	
2953	2954	2865	2864	
2954	2955	2866	2865	
2955	2956	2867	2866	
2956	2957	2868	2867	
2957	2958	2869	2868	
2958	2959	2870	2869	
2959	2960	2871	2870	
2960	2961	2872	2871	
2961	2962	2873	2872	
2962	2963	2874	2873	
2963	2964	2875	2874	
2964	2965	2876	2875	
2965	2966	2877	2876	
2966	2967	2878	2877	
2967	2968	2879	2878	
2968	2969	2880	2879	
2969	2970	2881	2880	
2970	2971	2882	2881	
2971	2972	2883	2882	
2972	2973	2884	2883	
2973	2974	2885	2884	
2974	2975	2886	2885	
2975	2976	2887	2886	
2976	2977	2888	2887	
2977	2978	2889	2888	
2978	2979	2890	2889	
2979	2980	2891	2890	
2980	2981	2892	2891	
2981	2982	2893	2892	
2982	2983	2894	2893	
2983	2984	2895	2894	
2984	2985	2896	2895	
2985	2986	2897	2896	
2986	2987	2898	2897	
2987	2988	2899	2898	
2988	2989	2900	2899	
2989	2990	2901	2900	
2990	2991	2902	2901	
2991	2992	2903	2902	
2992	2993	2904	2903	
2993	2994	2905	2904	
2994	2995	2906	2905	
2995	2996	2907	2906	
2996	2997	2908	2907	
2997	2998	2909	2908	
2998	2999	2910	2909	
2999	3000	2911	2910	
3000	3001	2912	2911	
3001	3002	2913	2912	
3002	3003	2914	2913	
3003	3004	2915	2914	
3004	3005	2916	2915	
3005	3006	2917	2916	
3006	3007	2918	2917	
3007	3008	2919	2918	
3008	3009	2920	2919	
3009	3010	2921	2920	
3010	3011	2922	2921	
3011	3012	2923	2922	
3012	3013	2924	2923	
3013	3014	2925	2924	
3014	3015	2926	2925	
3015	3016	2927	2926	
3016	3017	2928	2927	
3017	3018	2929	2928	
3018	3019	2930	2929	
3019	3020	2931	2930	
3020	3021	2932	2931	
3021	3022	2933	2932	
3022	3023	2934	2933	
3023	3024	2935	2934	
3024	3025	2936	2935	
3026	3027	2938	2937	
3027	3028	2939	2938	
3028	3029	2940	2939	
3029	3030	2941	2940	
3030	3031	2942	2941	
3031	3032	2943	2942	
3032	3033	2944	2943	
3033	3034	2945	2944	
3034	3035	2946	2945	
3035	3036	2947	2946	
3036	3037	2948	2947	
3037	3038	2949	2948	
3038	3039	2950	2949	
3039	3040	2951	2950	
3040	3041	2952	2951	
3041	3042	2953	2952	
3042	3043	2954	2953	
3043	3044	2955	2954	
3044	3045	2956	2955	
3045	3046	2957	2956	
3046	3047	2958	2957	
3047	3048	2959	2958	
3048	3049	2960	2959	
3049	3050	2961	2960	
3050	3051	2962	2961	
3051	3052	2963	2962	
3052	3053	2964	2963	
3053	3054	2965	2964	
3054	3055	2966	2965	
3055	3056	2967	2966	
3056	3057	2968	2967	
3057	3058	2969	2968	
3058	3059	2970	2969	
3059	3060	2971	2970	
3060	3061	2972	2971	
3061	3062	2973	2972	
3062	3063	2974	2973	
3063	3064	2975	2974	
3064	3065	2976	2975	
3065	3066	2977	2976	
3066	3067	2978	2977	
3067	3068	2979	2978	
3068	3069	2980	2979	
3069	3070	2981	2980	
3070	3071	2982	2981	
3071	3072	2983	2982	
3072	3073	2984	2983	
3073	3074	2985	2984	
3074	3075	2986	2985	
3075	3076	2987	2986	
3076	3077	2988	2987	
3077	3078	2989	2988	
3078	3079	2990	2989	
3079	3080	2991	2990	
3080	3081	2992	2991	
3081	3082	2993	2992	
3082	3083	2994	2993	
3083	3084	2995	2994	
3084	3085	2996	2995	
3085	3086	2997	2996	
3086	3087	2998	2997	
3087	3088	2999	2998	
3088	3089	3000	2999	
3089	3090	3001	3000	
3090	3091	3002	3001	
3091	3092	3003	3002	
3092	3093	3004	3003	
3093	3094	3005	3004	
3094	3095	3006	3005	
3095	3096	3007	3006	
3096	3097	3008	3007	
3097	3098	3009	3008	
3098	3099	3010	3009	
3099	3100	3011	3010	
3100	3101	3012	3011	
3101	3102	3013	3012	
3102	3103	3014	3013	
3103	3104	3015	3014	
3104	3105	3016	3015	
3105	3106	3017	3016	
3106	3107	3018	3017	
3107	3108	3019	3018	
3108	3109	3020	3019	
3109	3110	3021	3020	
3110	3111	3022	3021	
3111	3112	3023	3022	
3112	3113	3024	3023	
3113	3114	3025	3024	
3115	3116	3027	3026	
3116	3117	3028	3027	
3117	3118	3029	3028	
3118	3119	3030	3029	
3119	3120	3031	3030	
3120	3121	3032	3031	
3121	3122	3033	3032	
3122	3123	3034	3033	
3123	3124	3035	3034	
3124	3125	3036	3035	
3125	3126	3037	3036	
3126	3127	3038	3037	
3127	3128	3039	3038	
3128	3129	3040	3039	
3129	3130	3041	3040	
3130	3131	3042	3041	
3131	3132	3043	3042	
3132	3133	3044	3043	
3133	3134	3045	3044	
3134	3135	3046	3045	
3135	3136	3047	3046	
3136	3137	3048	3047	
3137	3138	3049	3048	
3138	3139	3050	3049	
3139	3140	3051	3050	
3140	3141	3052	3051	
3141	3142	3053	3052	
3142	3143	3054	3053	
3143	3144	3055	3054	
3144	3145	3056	3055	
3145	3146	3057	3056	
3146	3147	3058	3057	
3147	3148	3059	3058	
3148	3149	3060	3059	
3149	3150	3061	3060	
3150	3151	3062	3061	
3151	3152	3063	3062	
3152	3153	3064	3063	
3153	3154	3065	3064	
3154	3155	3066	3065	
3155	3156	3067	3066	
3156	3157	3068	3067	
3157	3158	3069	3068	
3158	3159	3070	3069	
3159	3160	3071	3070	
3160	3161	3072	3071	
3161	3162	3073	3072	
3162	3163	3074	3073	
3163	3164	3075	3074	
3164	3165	3076	3075	
3165	3166	3077	3076	
3166	3167	3078	3077	
3167	3168	3079	3078	
3168	3169	3080	3079	
3169	3170	3081	3080	
3170	3171	3082	3081	
3171	3172	3083	3082	
3172	3173	3084	3083	
3173	3174	3085	3084	
3174	3175	3086	3085	
3175	3176	3087	3086	
3176	3177	3088	3087	
3177	3178	3089	3088	
3178	3179	3090	3089	
3179	3180	3091	3090	
3180	3181	3092	3091	
3181	3182	3093	3092	
3182	3183	3094	3093	
3183	3184	3095	3094	
3184	3185	3096	3095	
3185	3186	3097	3096	
3186	3187	3098	3097	
3187	3188	3099	3098	
3188	3189	3100	3099	
3189	3190	3101	3100	
3190	3191	3102	3101	
3191	3192	3103	3102	
3192	3193	3104	3103	
3193	3194	3105	3104	
3194	3195	3106	3105	
3195	3196	3107	3106	
3196	3197	3108	3107	
3197	3198	3109	3108	
3198	3199	3110	3109	
3199	3200	3111	3110	
3200	3201	3112	3111	
3201	3202	3113	3112	
3202	3203	3114	3113	
3204	3205	3116	3115	
3205	3206	3117	3116	
3206	3207	3118	3117	
3207	3208	3119	3118	
3208	3209	3120	3119	
3209	3210	3121	3120	
3210	3211	3122	3121	
3211	3212	3123	3122	
3212	3213	3124	3123	
3213	3214	3125	3124	
3214	3215	3126	3125	
3215	3216	3127	3126	
3216	3217	3128	3127	
3217	3218	3129	3128	
3218	3219	3130	3129	
3219	3220	3131	3130	
3220	3221	3132	3131	
3221	3222	3133	3132	
3222	3223	3134	3133	
3223	3224	3135	3134	
3224	3225	3136	3135	
3225	3226	3137	3136	
3226	3227	3138	3137	
3227	3228	3139	3138	
3228	3229	3140	3139	
3229	3230	3141	3140	
3230	3231	3142	3141	
3231	3232	3143	3142	
3232	3233	3144	3143	
3233	3234	3145	3144	
3234	3235	3146	3145	
3235	3236	3147	3146	
3236	3237	3148	3147	
3237	3238	3149	3148	
3238	3239	3150	3149	
3240	3241	3205	3204	
3241	3242	3206	3205	
3242	3243	3207	3206	
3243	3244	3208	3207	
3244	3245	3209	3208	
3245	3246	3210	3209	
3246	3247	3211	3210	
3247	3248	3212	3211	
3248	3249	3213	3212	
3249	3250	3214	3213	
3250	3251	3215	3214	
3251	3252	3216	3215	
3252	3253	3217	3216	
3253	3254	3218	3217	
3254	3255	3219	3218	
3255	3256	3220	3219	
3256	3257	3221	3220	
3257	3258	3222	3221	
3258	3259	3223	3222	
3259	3260	3224	3223	
3260	3261	3225	3224	
3261	3262	3226	3225	
3262	3263	3227	3226	
3263	3264	3228	3227	
3264	3265	3229	3228	
3265	3266	3230	3229	
3266	3267	3231	3230	
3267	3268	3232	3231	
3268	3269	3233	3232	
3269	3270	3234	3233	
3270	3271	3235	3234	
3271	3272	3236	3235	
3272	3273	3237	3236	
3273	3274	3238	3237	
3274	3275	3239	3238	
3276	3277	3241	3240	
3277	3278	3242	3241	
3278	3279	3243	3242	
3279	3280	3244	3243	
3280	3281	3245	3244	
3281	3282	3246	3245	
3282	3283	3247	3246	
3283	3284	3248	3247	
3284	3285	3249	3248	
3285	3286	3250	3249	
3286	3287	3251	3250	
3287	3288	3252	3251	
3288	3289	3253	3252	
3289	3290	3254	3253	
3290	3291	3255	3254	
3291	3292	3256	3255	
3292	3293	3257	3256	
3293	3294	3258	3257	
3294	3295	3259	3258	
3295	3296	3260	3259	
3296	3297	3261	3260	
3297	3298	3262	3261	
3298	3299	3263	3262	
3299	3300	3264	3263	
3300	3301	3265	3264	
3301	3302	3266	3265	
3302	3303	3267	3266	
3303	3304	3268	3267	
3304	3305	3269	3268	
3305	3306	3270	3269	
3306	3307	3271	3270	
3307	3308	3272	3271	
3308	3309	3273	3272	
3309	3310	3274	3273	
3310	3311	3275	3274	
3312	3313	3277	3276	
3313	3314	3278	3277	
3314	3315	3279	3278	
3315	3316	3280	3279	
3316	3317	3281	3280	
3317	3318	3282	3281	
3318	3319	3283	3282	
3319	3320	3284	3283	
3320	3321	3285	3284	
3321	3322	3286	3285	
3322	3323	3287	3286	
3323	3324	3288	3287	
3324	3325	3289	3288	
3325	3326	3290	3289	
3326	3327	3291	3290	
3327	3328	3292	3291	
3328	3329	3293	3292	
3329	3330	3294	3293	
3330	3331	3295	3294	
3331	3332	3296	3295	
3332	3333	3297	3296	
3333	3334	3298	3297	
3334	3335	3299	3298	
3335	3336	3300	3299	
3336	3337	3301	3300	
3337	3338	3302	3301	
3338	3339	3303	3302	
3339	3340	3304	3303	
3340	3341	3305	3304	
3341	3342	3306	3305	
3342	3343	3307	3306	
3343	3344	3308	3307	
3344	3345	3309	3308	
3345	3346	3310	3309	
3346	3347	3311	3310	
3348	3349	3313	3312	
3349	3350	3314	3313	
3350	3351	3315	3314	
3351	3352	3316	3315	
3352	3353	3317	3316	
3353	3354	3318	3317	
3354	3355	3319	3318	
3355	3356	3320	3319	
3356	3357	3321	3320	
3357	3358	3322	3321	
3358	3359	3323	3322	
3359	3360	3324	3323	
3360	3361	3325	3324	
3361	3362	3326	3325	
3362	3363	3327	3326	
3363	3364	3328	3327	
3364	3365	3329	3328	
3365	3366	3330	3329	
3366	3367	3331	3330	
3367	3368	3332	3331	
3368	3369	3333	3332	
3369	3370	3334	3333	
3370	3371	3335	3334	
3371	3372	3336	3335	
3372	3373	3337	3336	
3373	3374	3338	3337	
3374	3375	3339	3338	
3375	3376	3340	3339	
3376	3377	3341	3340	
3377	3378	3342	3341	
3378	3379	3343	3342	
3379	3380	3344	3343	
3380	3381	3345	3344	
3381	3382	3346	3345	
3382	3383	3347	3346	
3384	3385	3349	3348	
3385	3386	3350	3349	
3386	3387	3351	3350	
3387	3388	3352	3351	
3388	3389	3353	3352	
3389	3390	3354	3353	
3390	3391	3355	3354	
3391	3392	3356	3355	
3392	3393	3357	3356	
3393	3394	3358	3357	
3394	3395	3359	3358	
3395	3396	3360	3359	
3396	3397	3361	3360	
3397	3398	3362	3361	
3398	3399	3363	3362	
3399	3400	3364	3363	
3400	3401	3365	3364	
3401	3402	3366	3365	
3402	3403	3367	3366	
3403	3404	3368	3367	
3404	3405	3369	3368	
3405	3406	3370	3369	
3406	3407	3371	3370	
3407	3408	3372	3371	
3408	3409	3373	3372	
3409	3410	3374	3373	
3410	3411	3375	3374	
3411	3412	3376	3375	
3412	3413	3377	3376	
3413	3414	3378	3377	
3414	3415	3379	3378	
3415	3416	3380	3379	
3416	3417	3381	3380	
3417	3418	3382	3381	
3418	3419	3383	3382	
3420	3421	3385	3384	
3421	3422	3386	3385	
3422	3423	3387	3386	
3423	3424	3388	3387	
3424	3425	3389	3388	
3425	3426	3390	3389	
3426	3427	3391	3390	
3427	3428	3392	3391	
3428	3429	3393	3392	
3429	3430	3394	3393	
3430	3431	3395	3394	
3431	3432	3396	3395	
3432	3433	3397	3396	
3433	3434	3398	3397	
3434	3435	3399	3398	
3435	3436	3400	3399	
3436	3437	3401	3400	
3437	3438	3402	3401	
3438	3439	3403	3402	
3439	3440	3404	3403	
3440	3441	3405	3404	
3441	3442	3406	3405	
3442	3443	3407	3406	
3443	3444	3408	3407	
3444	3445	3409	3408	
3445	3446	3410	3409	
3446	3447	3411	3410	
3447	3448	3412	3411	
3448	3449	3413	3412	
3449	3450	3414	3413	
3450	3451	3415	3414	
3451	3452	3416	3415	
3452	3453	3417	3416	
3453	3454	3418	3417	
3454	3455	3419	3418	
3456	3457	3421	3420	
3457	3458	3422	3421	
3458	3459	3423	3422	
3459	3460	3424	3423	
3460	3461	3425	3424	
3461	3462	3426	3425	
3462	3463	3427	3426	
3463	3464	3428	3427	
3464	3465	3429	3428	
3465	3466	3430	3429	
3466	3467	3431	3430	
3467	3468	3432	3431	
3468	3469	3433	3432	
3469	3470	3434	3433	
3470	3471	3435	3434	
3471	3472	3436	3435	
3472	3473	3437	3436	
3473	3474	3438	3437	
3474	3475	3439	3438	
3475	3476	3440	3439	
3476	3477	3441	3440	
3477	3478	3442	3441	
3478	3479	3443	3442	
3479	3480	3444	3443	
3480	3481	3445	3444	
3481	3482	3446	3445	
3482	3483	3447	3446	
3483	3484	3448	3447	
3484	3485	3449	3448	
3485	3486	3450	3449	
3486	3487	3451	3450	
3487	3488	3452	3451	
3488	3489	3453	3452	
3489	3490	3454	3453	
3490	3491	3455	3454	
3492	3493	3457	3456	
3493	3494	3458	3457	
3494	3495	3459	3458	
3495	3496	3460	3459	
3496	3497	3461	3460	
3497	3498	3462	3461	
3498	3499	3463	3462	
3499	3500	3464	3463	
3500	3501	3465	3464	
3501	3502	3466	3465	
3502	3503	3467	3466	
3503	3504	3468	3467	
3504	3505	3469	3468	
3505	3506	3470	3469	
3506	3507	3471	3470	
3507	3508	3472	3471	
3508	3509	3473	3472	
3509	3510	3474	3473	
3510	3511	3475	3474	
3511	3512	3476	3475	
3512	3513	3477	3476	
3513	3514	3478	3477	
3514	3515	3479	3478	
3515	3516	3480	3479	
3516	3517	3481	3480	
3517	3518	3482	3481	
3518	3519	3483	3482	
3519	3520	3484	3483	
3520	3521	3485	3484	
3521	3522	3486	3485	
3522	3523	3487	3486	
3523	3524	3488	3487	
3524	3525	3489	3488	
3525	3526	3490	3489	
3526	3527	3491	3490	
3528	3529	3493	3492	
3529	3530	3494	3493	
3530	3531	3495	3494	
3531	3532	3496	3495	
3532	3533	3497	3496	
3533	3534	3498	3497	
3534	3535	3499	3498	
3535	3536	3500	3499	
3536	3537	3501	3500	
3537	3538	3502	3501	
3538	3539	3503	3502	
3539	3540	3504	3503	
3540	3541	3505	3504	
3541	3542	3506	3505	
3542	3543	3507	3506	
3543	3544	3508	3507	
3544	3545	3509	3508	
3545	3546	3510	3509	
3546	3547	3511	3510	
3547	3548	3512	3511	
3548	3549	3513	3512	
3549	3550	3514	3513	
3550	3551	3515	3514	
3551	3552	3516	3515	
3552	3553	3517	3516	
3553	3554	3518	3517	
3554	3555	3519	3518	
3555	3556	3520	3519	
3556	3557	3521	3520	
3557	3558	3522	3521	
3558	3559	3523	3522	
3559	3560	3524	3523	
3560	3561	3525	3524	
3561	3562	3526	3525	
3562	3563	3527	3526	
3564	3565	3529	3528	
3565	3566	3530	3529	
3566	3567	3531	3530	
3567	3568	3532	3531	
3568	3569	3533	3532	
3569	3570	3534	3533	
3570	3571	3535	3534	
3571	3572	3536	3535	
3572	3573	3537	3536	
3573	3574	3538	3537	
3574	3575	3539	3538	
3575	3576	3540	3539	
3576	3577	3541	3540	
3577	3578	3542	3541	
3578	3579	3543	3542	
3579	3580	3544	3543	
3580	3581	3545	3544	
3581	3582	3546	3545	
3582	3583	3547	3546	
3583	3584	3548	3547	
3584	3585	3549	3548	
3585	3586	3550	3549	
3586	3587	3551	3550	
3587	3588	3552	3551	
3588	3589	3553	3552	
3589	3590	3554	3553	
3590	3591	3555	3554	
3591	3592	3556	3555	
3592	3593	3557	3556	
3593	3594	3558	3557	
3594	3595	3559	3558	
3595	3596	3560	3559	
3596	3597	3561	3560	
3597	3598	3562	3561	
3598	3599	3563	3562	
3600	3601	3565	3564	
3601	3602	3566	3565	
3602	3603	3567	3566	
3603	3604	3568	3567	
3604	3605	3569	3568	
3605	3606	3570	3569	
3606	3607	3571	3570	
3607	3608	3572	3571	
3608	3609	3573	3572	
3609	3610	3574	3573	
3610	3611	3575	3574	
3611	3612	3576	3575	
3612	3613	3577	3576	
3613	3614	3578	3577	
3614	3615	3579	3578	
3615	3616	3580	3579	
3616	3617	3581	3580	
3617	3618	3582	3581	
3618	3619	3583	3582	
3619	3620	3584	3583	
3620	3621	3585	3584	
3621	3622	3586	3585	
3622	3623	3587	3586	
3623	3624	3588	3587	
3624	3625	3589	3588	
3625	3626	3590	3589	
3626	3627	3591	3590	
3627	3628	3592	3591	
3628	3629	3593	3592	
3629	3630	3594	3593	
3630	3631	3595	3594	
3631	3632	3596	3595	
3632	3633	3597	3596	
3633	3634	3598	3597	
3634	3635	3599	3598	
3636	3637	3601	3600	
3637	3638	3602	3601	
3638	3639	3603	3602	
3639	3640	3604	3603	
3640	3641	3605	3604	
3641	3642	3606	3605	
3642	3643	3607	3606	
3643	3644	3608	3607	
3644	3645	3609	3608	
3645	3646	3610	3609	
3646	3647	3611	3610	
3647	3648	3612	3611	
3648	3649	3613	3612	
3649	3650	3614	3613	
3650	3651	3615	3614	
3651	3652	3616	3615	
3652	3653	3617	3616	
3653	3654	3618	3617	
3654	3655	3619	3618	
3655	3656	3620	3619	
3656	3657	3621	3620	
3657	3658	3622	3621	
3658	3659	3623	3622	
3659	3660	3624	3623	
3660	3661	3625	3624	
3661	3662	3626	3625	
3662	3663	3627	3626	
3663	3664	3628	3627	
3664	3665	3629	3628	
3665	3666	3630	3629	
3666	3667	3631	3630	
3667	3668	3632	3631	
3668	3669	3633	3632	
3669	3670	3634	3633	
3670	3671	3635	3634	
3672	3673	3637	3636	
3673	3674	3638	3637	
3674	3675	3639	3638	
3675	3676	3640	3639	
3676	3677	3641	3640	
3677	3678	3642	3641	
3678	3679	3643	3642	
3679	3680	3644	3643	
3680	3681	3645	3644	
3681	3682	3646	3645	
3682	3683	3647	3646	
3683	3684	3648	3647	
3684	3685	3649	3648	
3685	3686	3650	3649	
3686	3687	3651	3650	
3687	3688	3652	3651	
3688	3689	3653	3652	
3689	3690	3654	3653	
3690	3691	3655	3654	
3691	3692	3656	3655	
3692	3693	3657	3656	
3693	3694	3658	3657	
3694	3695	3659	3658	
3695	3696	3660	3659	
3696	3697	3661	3660	
3697	3698	3662	3661	
3698	3699	3663	3662	
3699	3700	3664	3663	
3700	3701	3665	3664	
3701	3702	3666	3665	
3702	3703	3667	3666	
3703	3704	3668	3667	
3704	3705	3669	3668	
3705	3706	3670	3669	
3706	3707	3671	3670	
3708	3709	3673	3672	
3709	3710	3674	3673	
3710	3711	3675	3674	
3711	3712	3676	3675	
3712	3713	3677	3676	
3713	3714	3678	3677	
3714	3715	3679	3678	
3715	3716	3680	3679	
3716	3717	3681	3680	
3717	3718	3682	3681	
3718	3719	3683	3682	
3719	3720	3684	3683	
3720	3721	3685	3684	
3721	3722	3686	3685	
3722	3723	3687	3686	
3723	3724	3688	3687	
3724	3725	3689	3688	
3725	3726	3690	3689	
3726	3727	3691	3690	
3727	3728	3692	3691	
3728	3729	3693	3692	
3729	3730	3694	3693	
3730	3731	3695	3694	
3731	3732	3696	3695	
3732	3733	3697	3696	
3733	3734	3698	3697	
3734	3735	3699	3698	
3735	3736	3700	3699	
3736	3737	3701	3700	
3737	3738	3702	3701	
3738	3739	3703	3702	
3739	3740	3704	3703	
3740	3741	3705	3704	
3741	3742	3706	3705	
3742	3743	3707	3706	
3744	3745	3709	3708	
3745	3746	3710	3709	
3746	3747	3711	3710	
3747	3748	3712	3711	
3748	3749	3713	3712	
3749	3750	3714	3713	
3750	3751	3715	3714	
3751	3752	3716	3715	
3752	3753	3717	3716	
3753	3754	3718	3717	
3754	3755	3719	3718	
3755	3756	3720	3719	
3756	3757	3721	3720	
3757	3758	3722	3721	
3758	3759	3723	3722	
3759	3760	3724	3723	
3760	3761	3725	3724	
3761	3762	3726	3725	
3762	3763	3727	3726	
3763	3764	3728	3727	
3764	3765	3729	3728	
3765	3766	3730	3729	
3766	3767	3731	3730	
3767	3768	3732	3731	
3768	3769	3733	3732	
3769	3770	3734	3733	
3770	3771	3735	3734	
3771	3772	3736	3735	
3772	3773	3737	3736	
3773	3774	3738	3737	
3774	3775	3739	3738	
3775	3776	3740	3739	
3776	3777	3741	3740	
3777	3778	3742	3741	
3778	3779	3743	3742	
3780	3781	3745	3744	
3781	3782	3746	3745	
3782	3783	3747	3746	
3783	3784	3748	3747	
3784	3785	3749	3748	
3785	3786	3750	3749	
3786	3787	3751	3750	
3787	3788	3752	3751	
3788	3789	3753	3752	
3789	3790	3754	3753	
3790	3791	3755	3754	
3791	3792	3756	3755	
3792	3793	3757	3756	
3793	3794	3758	3757	
3794	3795	3759	3758	
3795	3796	3760	3759	
3796	3797	3761	3760	
3797	3798	3762	3761	
3798	3799	3763	3762	
3799	3800	3764	3763	
3800	3801	3765	3764	
3801	3802	3766	3765	
3802	3803	3767	3766	
3803	3804	3768	3767	
3804	3805	3769	3768	
3805	3806	3770	3769	
3806	3807	3771	3770	
3807	3808	3772	3771	
3808	3809	3773	3772	
3809	3810	3774	3773	
3810	3811	3775	3774	
3811	3812	3776	3775	
3812	3813	3777	3776	
3813	3814	3778	3777	
3814	3815	3779	3778	
3816	3817	3781	3780	
3817	3818	3782	3781	
3818	3819	3783	3782	
3819	3820	3784	3783	
3820	3821	3785	3784	
3821	3822	3786	3785	
3822	3823	3787	3786	
3823	3824	3788	3787	
3824	3825	3789	3788	
3825	3826	3790	3789	
3826	3827	3791	3790	
3827	3828	3792	3791	
3828	3829	3793	3792	
3829	3830	3794	3793	
3830	3831	3795	3794	
3831	3832	3796	3795	
3832	3833	3797	3796	
3833	3834	3798	3797	
3834	3835	3799	3798	
3835	3836	3800	3799	
3836	3837	3801	3800	
3837	3838	3802	3801	
3838	3839	3803	3802	
3839	3840	3804	3803	
3840	3841	3805	3804	
3841	3842	3806	3805	
3842	3843	3807	3806	
3843	3844	3808	3807	
3844	3845	3809	3808	
3845	3846	3810	3809	
3846	3847	3811	3810	
3847	3848	3812	3811	
3848	3849	3813	3812	
3849	3850	3814	3813	
3850	3851	3815	3814	
3852	3853	3817	3816	
3853	3854	3818	3817	
3854	3855	3819	3818	
3855	3856	3820	3819	
3856	3857	3821	3820	
3857	3858	3822	3821	
3858	3859	3823	3822	
3859	3860	3824	3823	
3860	3861	3825	3824	
3861	3862	3826	3825	
3862	3863	3827	3826	
3863	3864	3828	3827	
3864	3865	3829	3828	
3865	3866	3830	3829	
3866	3867	3831	3830	
3867	3868	3832	3831	
3868	3869	3833	3832	
3869	3870	3834	3833	
3870	3871	3835	3834	
3871	3872	3836	3835	
3872	3873	3837	3836	
3873	3874	3838	3837	
3874	3875	3839	3838	
3875	3876	3840	3839	
3876	3877	3841	3840	
3877	3878	3842	3841	
3878	3879	3843	3842	
3879	3880	3844	3843	
3880	3881	3845	3844	
3881	3882	3846	3845	
3882	3883	3847	3846	
3883	3884	3848	3847	
3884	3885	3849	3848	
3885	3886	3850	3849	
3886	3887	3851	3850	
3888	3889	3853	3852	
3889	3890	3854	3853	
3890	3891	3855	3854	
3891	3892	3856	3855	
3892	3893	3857	3856	
3893	3894	3858	3857	
3894	3895	3859	3858	
3895	3896	3860	3859	
3896	3897	3861	3860	
3897	3898	3862	3861	
3898	3899	3863	3862	
3899	3900	3864	3863	
3900	3901	3865	3864	
3901	3902	3866	3865	
3902	3903	3867	3866	
3903	3904	3868	3867	
3904	3905	3869	3868	
3905	3906	3870	3869	
3906	3907	3871	3870	
3907	3908	3872	3871	
3908	3909	3873	3872	
3909	3910	3874	3873	
3910	3911	3875	3874	
3911	3912	3876	3875	
3912	3913	3877	3876	
3913	3914	3878	3877	
3914	3915	3879	3878	
3915	3916	3880	3879	
3916	3917	3881	3880	
3917	3918	3882	3881	
3918	3919	3883	3882	
3919	3920	3884	3883	
3920	3921	3885	3884	
3921	3922	3886	3885	
3922	3923	3887	3886	
3924	3925	3889	3888	
3925	3926	3890	3889	
3926	3927	3891	3890	
3927	3928	3892	3891	
3928	3929	3893	3892	
3929	3930	3894	3893	
3930	3931	3895	3894	
3931	3932	3896	3895	
3932	3933	3897	3896	
3933	3934	3898	3897	
3934	3935	3899	3898	
3935	3936	3900	3899	
3936	3937	3901	3900	
3937	3938	3902	3901	
3938	3939	3903	3902	
3939	3940	3904	3903	
3940	3941	3905	3904	
3941	3942	3906	3905	
3942	3943	3907	3906	
3943	3944	3908	3907	
3944	3945	3909	3908	
3945	3946	3910	3909	
3946	3947	3911	3910	
3947	3948	3912	3911	
3948	3949	3913	3912	
3949	3950	3914	3913	
3950	3951	3915	3914	
3951	3952	3916	3915	
3952	3953	3917	3916	
3953	3954	3918	3917	
3954	3955	3919	3918	
3955	3956	3920	3919	
3956	3957	3921	3920	
3957	3958	3922	3921	
3958	3959	3923	3922	
3960	3961	3925	3924	
3961	3962	3926	3925	
3962	3963	3927	3926	
3963	3964	3928	3927	
3964	3965	3929	3928	
3965	3966	3930	3929	
3966	3967	3931	3930	
3967	3968	3932	3931	
3968	3969	3933	3932	
3969	3970	3934	3933	
3970	3971	3935	3934	
3971	3972	3936	3935	
3972	3973	3937	3936	
3973	3974	3938	3937	
3974	3975	3939	3938	
3975	3976	3940	3939	
3976	3977	3941	3940	
3977	3978	3942	3941	
3978	3979	3943	3942	
3979	3980	3944	3943	
3980	3981	3945	3944	
3981	3982	3946	3945	
3982	3983	3947	3946	
3983	3984	3948	3947	
3984	3985	3949	3948	
3985	3986	3950	3949	
3986	3987	3951	3950	
3987	3988	3952	3951	
3988	3989	3953	3952	
3989	3990	3954	3953	
3990	3991	3955	3954	
3991	3992	3956	3955	
3992	3993	3957	3956	
3993	3994	3958	3957	
3994	3995	3959	3958	
3996	3997	3961	3960	
3997	3998	3962	3961	
3998	3999	3963	3962	
3999	4000	3964	3963	
4000	4001	3965	3964	
4001	4002	3966	3965	
4002	4003	3967	3966	
4003	4004	3968	3967	
4004	4005	3969	3968	
4005	4006	3970	3969	
4006	4007	3971	3970	
4007	4008	3972	3971	
4008	4009	3973	3972	
4009	4010	3974	3973	
4010	4011	3975	3974	
4011	4012	3976	3975	
4012	4013	3977	3976	
4013	4014	3978	3977	
4014	4015	3979	3978	
4015	4016	3980	3979	
4016	4017	3981	3980	
4017	4018	3982	3981	
4018	4019	3983	3982	
4019	4020	3984	3983	
4020	4021	3985	3984	
4021	4022	3986	3985	
4022	4023	3987	3986	
4023	4024	3988	3987	
4024	4025	3989	3988	
4025	4026	3990	3989	
4026	4027	3991	3990	
4027	4028	3992	3991	
4028	4029	3993	3992	
4029	4030	3994	3993	
4030	4031	3995	3994	
4032	4033	3997	3996	
4033	4034	3998	3997	
4034	4035	3999	3998	
4035	4036	4000	3999	
4036	4037	4001	4000	
4037	4038	4002	4001	
4038	4039	4003	4002	
4039	4040	4004	4003	
4040	4041	4005	4004	
4041	4042	4006	4005	
4042	4043	4007	4006	
4043	4044	4008	4007	
4044	4045	4009	4008	
4045	4046	4010	4009	
4046	4047	4011	4010	
4047	4048	4012	4011	
4048	4049	4013	4012	
4049	4050	4014	4013	
4050	4051	4015	4014	
4051	4052	4016	4015	
4052	4053	4017	4016	
4053	4054	4018	4017	
4054	4055	4019	4018	
4055	4056	4020	4019	
4056	4057	4021	4020	
4057	4058	4022	4021	
4058	4059	4023	4022	
4059	4060	4024	4023	
4060	4061	4025	4024	
4061	4062	4026	4025	
4062	4063	4027	4026	
4063	4064	4028	4027	
4064	4065	4029	4028	
4065	4066	4030	4029	
4066	4067	4031	4030	
4068	4069	4033	4032	
4069	4070	4034	4033	
4070	4071	4035	4034	
4071	4072	4036	4035	
4072	4073	4037	4036	
4073	4074	4038	4037	
4074	4075	4039	4038	
4075	4076	4040	4039	
4076	4077	4041	4040	
4077	4078	4042	4041	
4078	4079	4043	4042	
4079	4080	4044	4043	
4080	4081	4045	4044	
4081	4082	4046	4045	
4082	4083	4047	4046	
4083	4084	4048	4047	
4084	4085	4049	4048	
4085	4086	4050	4049	
4086	4087	4051	4050	
4087	4088	4052	4051	
4088	4089	4053	4052	
4089	4090	4054	4053	
4090	4091	4055	4054	
4091	4092	4056	4055	
4092	4093	4057	4056	
4093	4094	4058	4057	
4094	4095	4059	4058	
4095	4096	4060	4059	
4096	4097	4061	4060	
4097	4098	4062	4061	
4098	4099	4063	4062	
4099	4100	4064	4063	
4100	4101	4065	4064	
4101	4102	4066	4065	
4102	4103	4067	4066	
4104	4105	4069	4068	
4105	4106	4070	4069	
4106	4107	4071	4070	
4107	4108	4072	4071	
4108	4109	4073	4072	
4109	4110	4074	4073	
4110	4111	4075	4074	
4111	4112	4076	4075	
4112	4113	4077	4076	
4113	4114	4078	4077	
4114	4115	4079	4078	
4115	4116	4080	4079	
4116	4117	4081	4080	
4117	4118	4082	4081	
4118	4119	4083	4082	
4119	4120	4084	4083	
4120	4121	4085	4084	
4121	4122	4086	4085	
4122	4123	4087	4086	
4123	4124	4088	4087	
4124	4125	4089	4088	
4125	4126	4090	4089	
4126	4127	4091	4090	
4127	4128	4092	4091	
4128	4129	4093	4092	
4129	4130	4094	4093	
4130	4131	4095	4094	
4131	4132	4096	4095	
4132	4133	4097	4096	
4133	4134	4098	4097	
4134	4135	4099	4098	
4135	4136	4100	4099	
4136	4137	4101	4100	
4137	4138	4102	4101	
4138	4139	4103	4102	
4140	4141	4105	4104	
4141	4142	4106	4105	
4142	4143	4107	4106	
4143	4144	4108	4107	
4144	4145	4109	4108	
4145	4146	4110	4109	
4146	4147	4111	4110	
4147	4148	4112	4111	
4148	4149	4113	4112	
4149	4150	4114	4113	
4150	4151	4115	4114	
4151	4152	4116	4115	
4152	4153	4117	4116	
4153	4154	4118	4117	
4154	4155	4119	4118	
4155	4156	4120	4119	
4156	4157	4121	4120	
4157	4158	4122	4121	
4158	4159	4123	4122	
4159	4160	4124	4123	
4160	4161	4125	4124	
4161	4162	4126	4125	
4162	4163	4127	4126	
4163	4164	4128	4127	
4164	4165	4129	4128	
4165	4166	4130	4129	
4166	4167	4131	4130	
4167	4168	4132	4131	
4168	4169	4133	4132	
4169	4170	4134	4133	
4170	4171	4135	4134	
4171	4172	4136	4135	
4172	4173	4137	4136	
4173	4174	4138	4137	
4174	4175	4139	4138	
4176	4177	4141	4140	
4177	4178	4142	4141	
4178	4179	4143	4142	
4179	4180	4144	4143	
4180	4181	4145	4144	
4181	4182	4146	4145	
4182	4183	4147	4146	
4183	4184	4148	4147	
4184	4185	4149	4148	
4185	4186	4150	4149	
4186	4187	4151	4150	
4187	4188	4152	4151	
4188	4189	4153	4152	
4189	4190	4154	4153	
4190	4191	4155	4154	
4191	4192	4156	4155	
4192	4193	4157	4156	
4193	4194	4158	4157	
4194	4195	4159	4158	
4195	4196	4160	4159	
4196	4197	4161	4160	
4197	4198	4162	4161	
4198	4199	4163	4162	
4199	4200	4164	4163	
4200	4201	4165	4164	
4201	4202	4166	4165	
4202	4203	4167	4166	
4203	4204	4168	4167	
4204	4205	4169	4168	
4205	4206	4170	4169	
4206	4207	4171	4170	
4207	4208	4172	4171	
4208	4209	4173	4172	
4209	4210	4174	4173	
4210	4211	4175	4174	
4212	4213	4177	4176	
4213	4214	4178	4177	
4214	4215	4179	4178	
4215	4216	4180	4179	
4216	4217	4181	4180	
4217	4218	4182	4181	
4218	4219	4183	4182	
4219	4220	4184	4183	
4220	4221	4185	4184	
4221	4222	4186	4185	
4222	4223	4187	4186	
4223	4224	4188	4187	
4224	4225	4189	4188	
4225	4226	4190	4189	
4226	4227	4191	4190	
4227	4228	4192	4191	
4228	4229	4193	4192	
4229	4230	4194	4193	
4230	4231	4195	4194	
4231	4232	4196	4195	
4232	4233	4197	4196	
4233	4234	4198	4197	
4234	4235	4199	4198	
4235	4236	4200	4199	
4236	4237	4201	4200	
4237	4238	4202	4201	
4238	4239	4203	4202	
4239	4240	4204	4203	
4240	4241	4205	4204	
4241	4242	4206	4205	
4242	4243	4207	4206	
4243	4244	4208	4207	
4244	4245	4209	4208	
4245	4246	4210	4209	
4246	4247	4211	4210	
4248	4249	4213	4212	
4249	4250	4214	4213	
4250	4251	4215	4214	
4251	4252	4216	4215	
4252	4253	4217	4216	
4253	4254	4218	4217	
4254	4255	4219	4218	
4255	4256	4220	4219	
4256	4257	4221	4220	
4257	4258	4222	4221	
4258	4259	4223	4222	
4259	4260	4224	4223	
4260	4261	4225	4224	
4261	4262	4226	4225	
4262	4263	4227	4226	
4263	4264	4228	4227	
4264	4265	4229	4228	
4265	4266	4230	4229	
4266	4267	4231	4230	
4267	4268	4232	4231	
4268	4269	4233	4232	
4269	4270	4234	4233	
4270	4271	4235	4234	
4271	4272	4236	4235	
4272	4273	4237	4236	
4273	4274	4238	4237	
4274	4275	4239	4238	
4275	4276	4240	4239	
4276	4277	4241	4240	
4277	4278	4242	4241	
4278	4279	4243	4242	
4279	4280	4244	4243	
4280	4281	4245	4244	
4281	4282	4246	4245	
4282	4283	4247	4246	
4284	4285	4249	4248	
4285	4286	4250	4249	
4286	4287	4251	4250	
4287	4288	4252	4251	
4288	4289	4253	4252	
4289	4290	4254	4253	
4290	4291	4255	4254	
4291	4292	4256	4255	
4292	4293	4257	4256	
4293	4294	4258	4257	
4294	4295	4259	4258	
4295	4296	4260	4259	
4296	4297	4261	4260	
4297	4298	4262	4261	
4298	4299	4263	4262	
4299	4300	4264	4263	
4300	4301	4265	4264	
4301	4302	4266	4265	
4302	4303	4267	4266	
4303	4304	4268	4267	
4304	4305	4269	4268	
4305	4306	4270	4269	
4306	4307	4271	4270	
4307	4308	4272	4271	
4308	4309	4273	4272	
4309	4310	4274	4273	
4310	4311	4275	4274	
4311	4312	4276	4275	
4312	4313	4277	4276	
4313	4314	4278	4277	
4314	4315	4279	4278	
4315	4316	4280	4279	
4316	4317	4281	4280	
4317	4318	4282	4281	
4318	4319	4283	4282	
4320	4321	4285	4284	
4321	4322	4286	4285	
4322	4323	4287	4286	
4323	4324	4288	4287	
4324	4325	4289	4288	
4325	4326	4290	4289	
4326	4327	4291	4290	
4327	4328	4292	4291	
4328	4329	4293	4292	
4329	4330	4294	4293	
4330	4331	4295	4294	
4331	4332	4296	4295	
4332	4333	4297	4296	
4333	4334	4298	4297	
4334	4335	4299	4298	
4335	4336	4300	4299	
4336	4337	4301	4300	
4337	4338	4302	4301	
4338	4339	4303	4302	
4339	4340	4304	4303	
4340	4341	4305	4304	
4341	4342	4306	4305	
4342	4343	4307	4306	
4343	4344	4308	4307	
4344	4345	4309	4308	
4345	4346	4310	4309	
4346	4347	4311	4310	
4347	4348	4312	4311	
4348	4349	4313	4312	
4349	4350	4314	4313	
4350	4351	4315	4314	
4351	4352	4316	4315	
4352	4353	4317	4316	
4353	4354	4318	4317	
4354	4355	4319	4318	
4356	4357	4321	4320	
4357	4358	4322	4321	
4358	4359	4323	4322	
4359	4360	4324	4323	
4360	4361	4325	4324	
4361	4362	4326	4325	
4362	4363	4327	4326	
4363	4364	4328	4327	
4364	4365	4329	4328	
4365	4366	4330	4329	
4366	4367	4331	4330	
4367	4368	4332	4331	
4368	4369	4333	4332	
4369	4370	4334	4333	
4370	4371	4335	4334	
4371	4372	4336	4335	
4372	4373	4337	4336	
4373	4374	4338	4337	
4374	4375	4339	4338	
4375	4376	4340	4339	
4376	4377	4341	4340	
4377	4378	4342	4341	
4378	4379	4343	4342	
4379	4380	4344	4343	
4380	4381	4345	4344	
4381	4382	4346	4345	
4382	4383	4347	4346	
4383	4384	4348	4347	
4384	4385	4349	4348	
4385	4386	4350	4349	
4386	4387	4351	4350	
4387	4388	4352	4351	
4388	4389	4353	4352	
4389	4390	4354	4353	
4390	4391	4355	4354	
4392	4393	4357	4356	
4393	4394	4358	4357	
4394	4395	4359	4358	
4395	4396	4360	4359	
4396	4397	4361	4360	
4397	4398	4362	4361	
4398	4399	4363	4362	
4399	4400	4364	4363	
4400	4401	4365	4364	
4401	4402	4366	4365	
4402	4403	4367	4366	
4403	4404	4368	4367	
4404	4405	4369	4368	
4405	4406	4370	4369	
4406	4407	4371	4370	
4407	4408	4372	4371	
4408	4409	4373	4372	
4409	4410	4374	4373	
4410	4411	4375	4374	
4411	4412	4376	4375	
4412	4413	4377	4376	
4413	4414	4378	4377	
4414	4415	4379	4378	
4415	4416	4380	4379	
4416	4417	4381	4380	
4417	4418	4382	4381	
4418	4419	4383	4382	
4419	4420	4384	4383	
4420	4421	4385	4384	
4421	4422	4386	4385	
4422	4423	4387	4386	
4423	4424	4388	4387	
4424	4425	4389	4388	
4425	4426	4390	4389	
4426	4427	4391	4390	
4428	4429	4393	4392	
4429	4430	4394	4393	
4430	4431	4395	4394	
4431	4432	4396	4395	
4432	4433	4397	4396	
4433	4434	4398	4397	
4434	4435	4399	4398	
4435	4436	4400	4399	
4436	4437	4401	4400	
4437	4438	4402	4401	
4438	4439	4403	4402	
4439	4440	4404	4403	
4440	4441	4405	4404	
4441	4442	4406	4405	
4442	4443	4407	4406	
4443	4444	4408	4407	
4444	4445	4409	4408	
4445	4446	4410	4409	
4446	4447	4411	4410	
4447	4448	4412	4411	
4448	4449	4413	4412	
4449	4450	4414	4413	
4450	4451	4415	4414	
4451	4452	4416	4415	
4452	4453	4417	4416	
4453	4454	4418	4417	
4454	4455	4419	4418	
4455	4456	4420	4419	
4456	4457	4421	4420	
4457	4458	4422	4421	
4458	4459	4423	4422	
4459	4460	4424	4423	
4460	4461	4425	4424	
4461	4462	4426	4425	
4462	4463	4427	4426	
4464	4465	4429	4428	
4465	4466	4430	4429	
4466	4467	4431	4430	
4467	4468	4432	4431	
4468	4469	4433	4432	
4469	4470	4434	4433	
4470	4471	4435	4434	
4471	4472	4436	4435	
4472	4473	4437	4436	
4473	4474	4438	4437	
4474	4475	4439	4438	
4475	4476	4440	4439	
4476	4477	4441	4440	
4477	4478	4442	4441	
4478	4479	4443	4442	
4479	4480	4444	4443	
4480	4481	4445	4444	
4481	4482	4446	4445	
4482	4483	4447	4446	
4483	4484	4448	4447	
4484	4485	4449	4448	
4485	4486	4450	4449	
4486	4487	4451	4450	
4487	4488	4452	4451	
4488	4489	4453	4452	
4489	4490	4454	4453	
4490	4491	4455	4454	
4491	4492	4456	4455	
4492	4493	4457	4456	
4493	4494	4458	4457	
4494	4495	4459	4458	
4495	4496	4460	4459	
4496	4497	4461	4460	
4497	4498	4462	4461	
4498	4499	4463	4462	
4500	4501	4465	4464	
4501	4502	4466	4465	
4502	4503	4467	4466	
4503	4504	4468	4467	
4504	4505	4469	4468	
4505	4506	4470	4469	
4506	4507	4471	4470	
4507	4508	4472	4471	
4508	4509	4473	4472	
4509	4510	4474	4473	
4510	4511	4475	4474	
4511	4512	4476	4475	
4512	4513	4477	4476	
4513	4514	4478	4477	
4514	4515	4479	4478	
4515	4516	4480	4479	
4516	4517	4481	4480	
4517	4518	4482	4481	
4518	4519	4483	4482	
4519	4520	4484	4483	
4520	4521	4485	4484	
4521	4522	4486	4485	
4522	4523	4487	4486	
4523	4524	4488	4487	
4524	4525	4489	4488	
4525	4526	4490	4489	
4526	4527	4491	4490	
4527	4528	4492	4491	
4528	4529	4493	4492	
4529	4530	4494	4493	
4530	4531	4495	4494	
4531	4532	4496	4495	
4532	4533	4497	4496	
4533	4534	4498	4497	
4534	4535	4499	4498	
4536	4537	4501	4500	
4537	4538	4502	4501	
4538	4539	4503	4502	
4539	4540	4504	4503	
4540	4541	4505	4504	
4541	4542	4506	4505	
4542	4543	4507	4506	
4543	4544	4508	4507	
4544	4545	4509	4508	
4545	4546	4510	4509	
4546	4547	4511	4510	
4547	4548	4512	4511	
4548	4549	4513	4512	
4549	4550	4514	4513	
4550	4551	4515	4514	
4551	4552	4516	4515	
4552	4553	4517	4516	
4553	4554	4518	4517	
4554	4555	4519	4518	
4555	4556	4520	4519	
4556	4557	4521	4520	
4557	4558	4522	4521	
4558	4559	4523	4522	
4559	4560	4524	4523	
4560	4561	4525	4524	
4561	4562	4526	4525	
4562	4563	4527	4526	
4563	4564	4528	4527	
4564	4565	4529	4528	
4565	4566	4530	4529	
4566	4567	4531	4530	
4567	4568	4532	4531	
4568	4569	4533	4532	
4569	4570	4534	4533	
4570	4571	4535	4534	
4572	4573	4537	4536	
4573	4574	4538	4537	
4574	4575	4539	4538	
4575	4576	4540	4539	
4576	4577	4541	4540	
4577	4578	4542	4541	
4578	4579	4543	4542	
4579	4580	4544	4543	
4580	4581	4545	4544	
4581	4582	4546	4545	
4582	4583	4547	4546	
4583	4584	4548	4547	
4584	4585	4549	4548	
4585	4586	4550	4549	
4586	4587	4551	4550	
4587	4588	4552	4551	
4588	4589	4553	4552	
4589	4590	4554	4553	
4590	4591	4555	4554	
4591	4592	4556	4555	
4592	4593	4557	4556	
4593	4594	4558	4557	
4594	4595	4559	4558	
4595	4596	4560	4559	
4596	4597	4561	4560	
4597	4598	4562	4561	
4598	4599	4563	4562	
4599	4600	4564	4563	
4600	4601	4565	4564	
4601	4602	4566	4565	
4602	4603	4567	4566	
4603	4604	4568	4567	
4604	4605	4569	4568	
4605	4606	4570	4569	
4606	4607	4571	4570	
4608	4609	4573	4572	
4609	4610	4574	4573	
4610	4611	4575	4574	
4611	4612	4576	4575	
4612	4613	4577	4576	
4613	4614	4578	4577	
4614	4615	4579	4578	
4615	4616	4580	4579	
4616	4617	4581	4580	
4617	4618	4582	4581	
4618	4619	4583	4582	
4619	4620	4584	4583	
4620	4621	4585	4584	
4621	4622	4586	4585	
4622	4623	4587	4586	
4623	4624	4588	4587	
4624	4625	4589	4588	
4625	4626	4590	4589	
4626	4627	4591	4590	
4627	4628	4592	4591	
4628	4629	4593	4592	
4629	4630	4594	4593	
4630	4631	4595	4594	
4631	4632	4596	4595	
4632	4633	4597	4596	
4633	4634	4598	4597	
4634	4635	4599	4598	
4635	4636	4600	4599	
4636	4637	4601	4600	
4637	4638	4602	4601	
4638	4639	4603	4602	
4639	4640	4604	4603	
4640	4641	4605	4604	
4641	4642	4606	4605	
4642	4643	4607	4606	
4644	4645	4609	4608	
4645	4646	4610	4609	
4646	4647	4611	4610	
4647	4648	4612	4611	
4648	4649	4613	4612	
4649	4650	4614	4613	
4650	4651	4615	4614	
4651	4652	4616	4615	
4652	4653	4617	4616	
4653	4654	4618	4617	
4654	4655	4619	4618	
4655	4656	4620	4619	
4656	4657	4621	4620	
4657	4658	4622	4621	
4658	4659	4623	4622	
4659	4660	4624	4623	
4660	4661	4625	4624	
4661	4662	4626	4625	
4662	4663	4627	4626	
4663	4664	4628	4627	
4664	4665	4629	4628	
4665	4666	4630	4629	
4666	4667	4631	4630	
4667	4668	4632	4631	
4668	4669	4633	4632	
4669	4670	4634	4633	
4670	4671	4635	4634	
4671	4672	4636	4635	
4672	4673	4637	4636	
4673	4674	4638	4637	
4674	4675	4639	4638	
4675	4676	4640	4639	
4676	4677	4641	4640	
4677	4678	4642	4641	
4678	4679	4643	4642	
4680	4681	4645	4644	
4681	4682	4646	4645	
4682	4683	4647	4646	
4683	4684	4648	4647	
4684	4685	4649	4648	
4685	4686	4650	4649	
4686	4687	4651	4650	
4687	4688	4652	4651	
4688	4689	4653	4652	
4689	4690	4654	4653	
4690	4691	4655	4654	
4691	4692	4656	4655	
4692	4693	4657	4656	
4693	4694	4658	4657	
4694	4695	4659	4658	
4695	4696	4660	4659	
4696	4697	4661	4660	
4697	4698	4662	4661	
4698	4699	4663	4662	
4699	4700	4664	4663	
4700	4701	4665	4664	
4701	4702	4666	4665	
4702	4703	4667	4666	
4703	4704	4668	4667	
4704	4705	4669	4668	
4705	4706	4670	4669	
4706	4707	4671	4670	
4707	4708	4672	4671	
4708	4709	4673	4672	
4709	4710	4674	4673	
4710	4711	4675	4674	
4711	4712	4676	4675	
4712	4713	4677	4676	
4713	4714	4678	4677	
4714	4715	4679	4678	
4716	4717	4681	4680	
4717	4718	4682	4681	
4718	4719	4683	4682	
4719	4720	4684	4683	
4720	4721	4685	4684	
4721	4722	4686	4685	
4722	4723	4687	4686	
4723	4724	4688	4687	
4724	4725	4689	4688	
4725	4726	4690	4689	
4726	4727	4691	4690	
4727	4728	4692	4691	
4728	4729	4693	4692	
4729	4730	4694	4693	
4730	4731	4695	4694	
4731	4732	4696	4695	
4732	4733	4697	4696	
4733	4734	4698	4697	
4734	4735	4699	4698	
4735	4736	4700	4699	
4736	4737	4701	4700	
4737	4738	4702	4701	
4738	4739	4703	4702	
4739	4740	4704	4703	
4740	4741	4705	4704	
4741	4742	4706	4705	
4742	4743	4707	4706	
4743	4744	4708	4707	
4744	4745	4709	4708	
4745	4746	4710	4709	
4746	4747	4711	4710	
4747	4748	4712	4711	
4748	4749	4713	4712	
4749	4750	4714	4713	
4750	4751	4715	4714	
4752	4753	4717	4716	
4753	4754	4718	4717	
4754	4755	4719	4718	
4755	4756	4720	4719	
4756	4757	4721	4720	
4757	4758	4722	4721	
4758	4759	4723	4722	
4759	4760	4724	4723	
4760	4761	4725	4724	
4761	4762	4726	4725	
4762	4763	4727	4726	
4763	4764	4728	4727	
4764	4765	4729	4728	
4765	4766	4730	4729	
4766	4767	4731	4730	
4767	4768	4732	4731	
4768	4769	4733	4732	
4769	4770	4734	4733	
4770	4771	4735	4734	
4771	4772	4736	4735	
4772	4773	4737	4736	
4773	4774	4738	4737	
4774	4775	4739	4738	
4775	4776	4740	4739	
4776	4777	4741	4740	
4777	4778	4742	4741	
4778	4779	4743	4742	
4779	4780	4744	4743	
4780	4781	4745	4744	
4781	4782	4746	4745	
4782	4783	4747	4746	
4783	4784	4748	4747	
4784	4785	4749	4748	
4785	4786	4750	4749	
4786	4787	4751	4750	
4788	4789	4753	4752	
4789	4790	4754	4753	
4790	4791	4755	4754	
4791	4792	4756	4755	
4792	4793	4757	4756	
4793	4794	4758	4757	
4794	4795	4759	4758	
4795	4796	4760	4759	
4796	4797	4761	4760	
4797	4798	4762	4761	
4798	4799	4763	4762	
4799	4800	4764	4763	
4800	4801	4765	4764	
4801	4802	4766	4765	
4802	4803	4767	4766	
4803	4804	4768	4767	
4804	4805	4769	4768	
4805	4806	4770	4769	
4806	4807	4771	4770	
4807	4808	4772	4771	
4808	4809	4773	4772	
4809	4810	4774	4773	
4810	4811	4775	4774	
4811	4812	4776	4775	
4812	4813	4777	4776	
4813	4814	4778	4777	
4814	4815	4779	4778	
4815	4816	4780	4779	
4816	4817	4781	4780	
4817	4818	4782	4781	
4818	4819	4783	4782	
4819	4820	4784	4783	
4820	4821	4785	4784	
4821	4822	4786	4785	
4822	4823	4787	4786	
4824	4825	4789	4788	
4825	4826	4790	4789	
4826	4827	4791	4790	
4827	4828	4792	4791	
4828	4829	4793	4792	
4829	4830	4794	4793	
4830	4831	4795	4794	
4831	4832	4796	4795	
4832	4833	4797	4796	
4833	4834	4798	4797	
4834	4835	4799	4798	
4835	4836	4800	4799	
4836	4837	4801	4800	
4837	4838	4802	4801	
4838	4839	4803	4802	
4839	4840	4804	4803	
4840	4841	4805	4804	
4841	4842	4806	4805	
4842	4843	4807	4806	
4843	4844	4808	4807	
4844	4845	4809	4808	
4845	4846	4810	4809	
4846	4847	4811	4810	
4847	4848	4812	4811	
4848	4849	4813	4812	
4849	4850	4814	4813	
4850	4851	4815	4814	
4851	4852	4816	4815	
4852	4853	4817	4816	
4853	4854	4818	4817	
4854	4855	4819	4818	
4855	4856	4820	4819	
4856	4857	4821	4820	
4857	4858	4822	4821	
4858	4859	4823	4822	
4860	4861	4825	4824	
4861	4862	4826	4825	
4862	4863	4827	4826	
4863	4864	4828	4827	
4864	4865	4829	4828	
4865	4866	4830	4829	
4866	4867	4831	4830	
4867	4868	4832	4831	
4868	4869	4833	4832	
4869	4870	4834	4833	
4870	4871	4835	4834	
4871	4872	4836	4835	
4872	4873	4837	4836	
4873	4874	4838	4837	
4874	4875	4839	4838	
4875	4876	4840	4839	
4876	4877	4841	4840	
4877	4878	4842	4841	
4878	4879	4843	4842	
4879	4880	4844	4843	
4880	4881	4845	4844	
4881	4882	4846	4845	
4882	4883	4847	4846	
4883	4884	4848	4847	
4884	4885	4849	4848	
4885	4886	4850	4849	
4886	4887	4851	4850	
4887	4888	4852	4851	
4888	4889	4853	4852	
4889	4890	4854	4853	
4890	4891	4855	4854	
4891	4892	4856	4855	
4892	4893	4857	4856	
4893	4894	4858	4857	
4894	4895	4859	4858	
4896	4897	4861	4860	
4897	4898	4862	4861	
4898	4899	4863	4862	
4899	4900	4864	4863	
4900	4901	4865	4864	
4901	4902	4866	4865	
4902	4903	4867	4866	
4903	4904	4868	4867	
4904	4905	4869	4868	
4905	4906	4870	4869	
4906	4907	4871	4870	
4907	4908	4872	4871	
4908	4909	4873	4872	
4909	4910	4874	4873	
4910	4911	4875	4874	
4911	4912	4876	4875	
4912	4913	4877	4876	
4913	4914	4878	4877	
4914	4915	4879	4878	
4915	4916	4880	4879	
4916	4917	4881	4880	
4917	4918	4882	4881	
4918	4919	4883	4882	
4919	4920	4884	4883	
4920	4921	4885	4884	
4921	4922	4886	4885	
4922	4923	4887	4886	
4923	4924	4888	4887	
4924	4925	4889	4888	
4925	4926	4890	4889	
4926	4927	4891	4890	
4927	4928	4892	4891	
4928	4929	4893	4892	
4929	4930	4894	4893	
4930	4931	4895	4894	
4932	4933	4897	4896	
4933	4934	4898	4897	
4934	4935	4899	4898	
4935	4936	4900	4899	
4936	4937	4901	4900	
4937	4938	4902	4901	
4938	4939	4903	4902	
4939	4940	4904	4903	
4940	4941	4905	4904	
4941	4942	4906	4905	
4942	4943	4907	4906	
4943	4944	4908	4907	
4944	4945	4909	4908	
4945	4946	4910	4909	
4946	4947	4911	4910	
4947	4948	4912	4911	
4948	4949	4913	4912	
4949	4950	4914	4913	
4950	4951	4915	4914	
4951	4952	4916	4915	
4952	4953	4917	4916	
4953	4954	4918	4917	
4954	4955	4919	4918	
4955	4956	4920	4919	
4956	4957	4921	4920	
4957	4958	4922	4921	
4958	4959	4923	4922	
4959	4960	4924	4923	
4960	4961	4925	4924	
4961	4962	4926	4925	
4962	4963	4927	4926	
4963	4964	4928	4927	
4964	4965	4929	4928	
4965	4966	4930	4929	
4966	4967	4931	4930	
4968	4969	4933	4932	
4969	4970	4934	4933	
4970	4971	4935	4934	
4971	4972	4936	4935	
4972	4973	4937	4936	
4973	4974	4938	4937	
4974	4975	4939	4938	
4975	4976	4940	4939	
4976	4977	4941	4940	
4977	4978	4942	4941	
4978	4979	4943	4942	
4979	4980	4944	4943	
4980	4981	4945	4944	
4981	4982	4946	4945	
4982	4983	4947	4946	
4983	4984	4948	4947	
4984	4985	4949	4948	
4985	4986	4950	4949	
4986	4987	4951	4950	
4987	4988	4952	4951	
4988	4989	4953	4952	
4989	4990	4954	4953	
4990	4991	4955	4954	
4991	4992	4956	4955	
4992	4993	4957	4956	
4993	4994	4958	4957	
4994	4995	4959	4958	
4995	4996	4960	4959	
4996	4997	4961	4960	
4997	4998	4962	4961	
4998	4999	4963	4962	
4999	5000	4964	4963	
5000	5001	4965	4964	
5001	5002	4966	4965	
5002	5003	4967	4966	
5004	5005	4969	4968	
5005	5006	4970	4969	
5006	5007	4971	4970	
5007	5008	4972	4971	
5008	5009	4973	4972	
5009	5010	4974	4973	
5010	5011	4975	4974	
5011	5012	4976	4975	
5012	5013	4977	4976	
5013	5014	4978	4977	
5014	5015	4979	4978	
5015	5016	4980	4979	
5016	5017	4981	4980	
5017	5018	4982	4981	
5018	5019	4983	4982	
5019	5020	4984	4983	
5020	5021	4985	4984	
5021	5022	4986	4985	
5022	5023	4987	4986	
5023	5024	4988	4987	
5024	5025	4989	4988	
5025	5026	4990	4989	
5026	5027	4991	4990	
5027	5028	4992	4991	
5028	5029	4993	4992	
5029	5030	4994	4993	
5030	5031	4995	4994	
5031	5032	4996	4995	
5032	5033	4997	4996	
5033	5034	4998	4997	
5034	5035	4999	4998	
5035	5036	5000	4999	
5036	5037	5001	5000	
5037	5038	5002	5001	
5038	5039	5003	5002	
5040	5041	5005	5004	
5041	5042	5006	5005	
5042	5043	5007	5006	
5043	5044	5008	5007	
5044	5045	5009	5008	
5045	5046	5010	5009	
5046	5047	5011	5010	
5047	5048	5012	5011	
5048	5049	5013	5012	
5049	5050	5014	5013	
5050	5051	5015	5014	
5051	5052	5016	5015	
5052	5053	5017	5016	
5053	5054	5018	5017	
5054	5055	5019	5018	
5055	5056	5020	5019	
5056	5057	5021	5020	
5057	5058	5022	5021	
5058	5059	5023	5022	
5059	5060	5024	5023	
5060	5061	5025	5024	
5061	5062	5026	5025	
5062	5063	5027	5026	
5063	5064	5028	5027	
5064	5065	5029	5028	
5065	5066	5030	5029	
5066	5067	5031	5030	
5067	5068	5032	5031	
5068	5069	5033	5032	
5069	5070	5034	5033	
5070	5071	5035	5034	
5071	5072	5036	5035	
5072	5073	5037	5036	
5073	5074	5038	5037	
5074	5075	5039	5038	
5076	5077	5041	5040	
5077	5078	5042	5041	
5078	5079	5043	5042	
5079	5080	5044	5043	
5080	5081	5045	5044	
5081	5082	5046	5045	
5082	5083	5047	5046	
5083	5084	5048	5047	
5084	5085	5049	5048	
5085	5086	5050	5049	
5086	5087	5051	5050	
5087	5088	5052	5051	
5088	5089	5053	5052	
5089	5090	5054	5053	
5090	5091	5055	5054	
5091	5092	5056	5055	
5092	5093	5057	5056	
5093	5094	5058	5057	
5094	5095	5059	5058	
5095	5096	5060	5059	
5096	5097	5061	5060	
5097	5098	5062	5061	
5098	5099	5063	5062	
5099	5100	5064	5063	
5100	5101	5065	5064	
5101	5102	5066	5065	
5102	5103	5067	5066	
5103	5104	5068	5067	
5104	5105	5069	5068	
5105	5106	5070	5069	
5106	5107	5071	5070	
5107	5108	5072	5071	
5108	5109	5073	5072	
5109	5110	5074	5073	
5110	5111	5075	5074	
